0.31643611192703247,0
0.9344967603683472,0
0.6920837163925171,0
0.45152124762535095,0
1.0510770082473755,0
0.6778825521469116,0
1.2655692100524902,0
0.3653825521469116,0
0.2674347758293152,0
0.40269598364830017,0
0.34281376004219055,0
1.0059235095977783,0
1.0567365884780884,0
0.06080158054828644,0
0.2335658073425293,0
1.5684727430343628,1
-0.12353633344173431,0
-0.17224618792533875,0
0.03279595077037811,0
0.027530021965503693,0
0.19732379913330078,0
0.30270496010780334,0
0.4170547425746918,0
1.2982207536697388,0
0.5986691117286682,0
0.8765729665756226,0
0.5412071347236633,0
1.007491111755371,0
0.8084237575531006,0
0.8945069909095764,0
1.1681033372879028,1
0.6711459755897522,0
0.3744928240776062,0
0.2908214330673218,0
0.7548173666000366,0
1.5443992614746094,1
0.03179715573787689,0
-0.08843445032835007,0
0.08459006994962692,0
-0.06288949400186539,0
0.9288946986198425,0
0.6069523096084595,0
0.851556658744812,0
0.9540745615959167,0
0.32277965545654297,0
0.708112895488739,0
0.08856665343046188,0
0.44633281230926514,0
0.22818270325660706,0
1.2447620630264282,0
0.38774374127388,0
0.8680068850517273,0
0.21011216938495636,0
1.1706384420394897,0
0.2068226933479309,0
1.0592539310455322,1
0.3915892541408539,0
0.5128467082977295,0
0.6805114150047302,0
0.9454814791679382,0
1.1848517656326294,0
-0.06849358975887299,0
-0.06849358975887299,0
0.9194636344909668,0
-0.1309378445148468,0
0.2812206745147705,0
0.8761405348777771,0
0.20991943776607513,0
1.172486424446106,0
0.3235557973384857,0
0.9592059850692749,0
0.6548581719398499,0
0.5860176086425781,0
0.8650031089782715,0
1.0063074827194214,0
0.691669762134552,0
0.33720484375953674,0
0.7070072293281555,0
1.1807631254196167,0
0.49739575386047363,0
0.1630048006772995,0
0.4298893213272095,0
0.8111528754234314,0
1.1924165487289429,0
0.08675207197666168,0
1.0272318124771118,1
1.0419996976852417,0
0.19178883731365204,0
0.16647237539291382,0
0.36689430475234985,0
1.3700226545333862,1
0.033309854567050934,0
0.31345924735069275,0
0.35668230056762695,0
0.36895552277565,0
1.0578863620758057,0
0.9588467478752136,0
0.19354069232940674,0
0.4516439139842987,0
0.5296751260757446,0
1.5677802562713623,1
-0.0630960687994957,0
0.06349998712539673,0
-0.06273332983255386,0
-0.149065300822258,0
0.9331960082054138,0
0.8526992201805115,0
0.9538951516151428,0
0.3191205561161041,0
0.5698105692863464,0
0.3364887535572052,0
1.3233308792114258,0
0.5228922963142395,0
0.3913133144378662,0
0.16105015575885773,0
0.3141082227230072,0
1.060714602470398,0
0.43854260444641113,0
0.5403525829315186,0
0.9787009954452515,0
1.137433409690857,0
0.41311174631118774,0
0.25565052032470703,0
0.14179392158985138,0
0.902452826499939,0
1.5470033884048462,1
-0.08742471039295197,0
0.11748762428760529,0
-0.057157520204782486,0
-0.037675194442272186,0
-0.1994331181049347,0
1.530452013015747,0
-0.024145761504769325,0
-0.03276645019650459,0
0.19999216496944427,0
0.13419900834560394,0
1.192418098449707,0
-0.05415715277194977,0
-0.03018455021083355,0
0.8841989636421204,0
0.7597264647483826,1
0.5917291045188904,0
1.1472846269607544,0
0.7680431604385376,0
0.6499460339546204,0
0.28051096200942993,0
0.559698760509491,0
-0.05261087045073509,0
-0.005022039171308279,0
1.3528459072113037,0
1.4739601612091064,1
0.005711270030587912,0
0.14426162838935852,0
0.009559891186654568,0
0.2600409686565399,0
0.5939805507659912,1
1.3295485973358154,0
0.12843120098114014,0
0.3099954426288605,0
0.0911872461438179,0
0.7377816438674927,0
0.3633122742176056,0
0.7408137917518616,0
1.121347427368164,0
0.6922995448112488,0
0.6596843004226685,0
0.1843322068452835,0
0.6471088528633118,0
0.9086782336235046,0
1.0067667961120605,0
0.5055949091911316,0
0.6257621049880981,0
0.7198059558868408,0
1.200474739074707,0
0.5317181944847107,0
0.9469314813613892,0
1.0072872638702393,0
0.521264374256134,0
0.6483291983604431,0
0.1623063087463379,0
0.7525952458381653,0
0.9674487113952637,0
1.0245773792266846,0
0.5352579355239868,0
0.453290730714798,0
0.08763904869556427,0
0.21078214049339294,0
0.8949103355407715,0
1.0864663124084473,0
0.5782567262649536,0
0.6541268229484558,0
0.8372979760169983,0
0.5725584030151367,0
0.24056072533130646,0
1.1006065607070923,0
1.3698724508285522,1
0.21493986248970032,0
0.2947964370250702,0
0.40616104006767273,0
0.3148963749408722,0
1.5701875686645508,0
-0.04657888039946556,0
-0.08400402963161469,0
-0.1139441505074501,0
0.03575644642114639,0
1.2202370166778564,1
0.2967895269393921,0
0.6661685109138489,0
0.6019287109375,0
0.15224991738796234,0
0.8695846796035767,0
1.0393199920654297,0
0.2107815146446228,0
0.7688941955566406,0
0.3747631013393402,0
0.25916704535484314,0
1.1091116666793823,0
0.7685800790786743,0
0.6163098812103271,0
0.7187461853027344,0
1.431825041770935,1
-0.011103021912276745,0
0.398946613073349,0
0.11606819182634354,0
0.1055222898721695,0
1.5620903968811035,1
-0.08105923980474472,0
0.06686975061893463,0
-0.09300734847784042,0
-0.049197614192962646,0
0.637893795967102,0
0.7364339232444763,0
0.6506674885749817,0
1.0557769536972046,0
0.9663609266281128,0
1.0179873704910278,0
0.5800662636756897,0
0.6931557655334473,0
1.0131750106811523,0
0.5656293034553528,0
0.20383919775485992,0
0.6908887624740601,0
0.8203932642936707,0
1.0906635522842407,0
0.5529382824897766,0
0.5980093479156494,0
0.6764065623283386,0
1.2193797826766968,0
0.5196121335029602,0
0.5050941109657288,0
1.2262474298477173,0
0.3790910243988037,0
0.5034986138343811,0
0.488688200712204,0
0.713806688785553,0
-0.26269611716270447,0
-0.1137135699391365,0
1.634106159210205,0
-0.08827752619981766,0
-0.22635892033576965,0
0.9928594827651978,0
0.24082693457603455,0
0.7748254537582397,0
0.5087500810623169,0
0.9244928359985352,0
0.15803365409374237,0
0.5686481595039368,0
1.3340113162994385,0
0.33121800422668457,0
0.06026829406619072,0
0.8767563700675964,0
1.027212381362915,0
0.390434205532074,0
0.847881019115448,0
0.5880025625228882,0
1.410119891166687,1
0.30096492171287537,0
0.388364315032959,0
-0.09076039493083954,0
0.0035554971545934677,0
0.6969760656356812,0
0.3439226448535919,0
0.12445700913667679,0
0.12684249877929688,0
1.2766516208648682,0
1.3069126605987549,1
0.6057867407798767,0
0.31151852011680603,0
0.10425138473510742,0
0.3268716633319855,0
0.9525652527809143,0
0.5357517004013062,0
0.521652340888977,0
1.0494986772537231,0
0.746361494064331,0
1.4406639337539673,1
0.06636175513267517,0
0.3651006519794464,0
0.007440938614308834,0
0.14957448840141296,0
0.08545597642660141,0
-0.18751341104507446,0
1.5035651922225952,0
0.27520298957824707,0
-0.17752672731876373,0
0.6045239567756653,0
1.1997621059417725,0
0.656904935836792,0
0.671190619468689,0
0.5569049119949341,0
0.47867846488952637,0
-0.10351331532001495,0
0.09340449422597885,0
1.420459270477295,0
-0.017896873876452446,0
1.3993865251541138,1
0.3086021840572357,0
0.37491822242736816,0
0.16510802507400513,0
0.058773692697286606,0
0.6055225133895874,0
0.7437818050384521,0
1.1744253635406494,0
0.62138831615448,0
0.36073553562164307,0
0.471764475107193,0
0.6663251519203186,0
1.047078251838684,0
0.7228105068206787,0
0.9466598629951477,0
1.4737416505813599,1
0.2633821666240692,0
0.1153906062245369,0
0.08367813378572464,0
-0.059028007090091705,0
0.3648725152015686,0
0.791766881942749,0
1.087924838066101,0
0.8184477686882019,0
0.5729835033416748,0
0.3044779300689697,0
0.15729717910289764,0
1.1937813758850098,0
0.8434497714042664,0
0.022554224357008934,0
0.23632770776748657,0
0.9080401659011841,0
0.6999039053916931,0
0.8607364296913147,0
0.886753499507904,0
-0.03631620109081268,0
0.12274067848920822,0
1.3521568775177002,0
0.07221672683954239,0
0.6130101084709167,0
0.3186340034008026,0
0.38620156049728394,0
0.7872477173805237,0
1.2122695446014404,0
0.12900890409946442,0
0.7615467309951782,0
0.42077845335006714,0
0.9753013253211975,0
1.0062803030014038,0
0.5477920770645142,0
0.6207152605056763,0
1.1329103708267212,0
0.8381949067115784,0
0.5942924618721008,0
0.7203087210655212,0
0.2746173143386841,0
0.04512511193752289,0
1.075398564338684,0
0.2209063619375229,0
0.9972735643386841,0
1.022414207458496,1
0.4966367483139038,0
0.3288789689540863,0
0.5621032118797302,0
1.012184977531433,0
1.3911305665969849,1
0.3663144111633301,0
0.25142472982406616,0
0.242233544588089,0
0.2376379519701004,0
1.1743465662002563,0
0.7129590511322021,0
0.562435507774353,0
0.6933255791664124,0
0.3661004304885864,0
0.6074269413948059,0
0.20098520815372467,0
0.6419361233711243,0
1.2324270009994507,0
0.3025956451892853,0
0.9487418532371521,0
-0.04665510728955269,0
1.1443690061569214,0
0.06554281711578369,0
0.07992716878652573,0
0.7988536953926086,0
0.08661116659641266,0
0.6729955673217773,0
1.1106386184692383,0
0.18958599865436554,0
0.5084003806114197,0
0.15374115109443665,0
-0.1000835970044136,0
1.4020025730133057,0
-0.08965244144201279,0
1.4979321956634521,1
-0.07689009606838226,0
0.0964488759636879,0
-0.008157426491379738,0
0.22276023030281067,0
1.4989972114562988,1
-0.16711357235908508,0
0.36407390236854553,0
-0.1937980353832245,0
-0.07705353200435638,0
1.1730811595916748,1
0.8570327758789062,0
0.2343984693288803,0
0.41797149181365967,0
0.3006361722946167,0
0.9941396117210388,0
0.09618043899536133,0
0.3574049174785614,0
1.0696498155593872,0
0.21862941980361938,0
0.4403255879878998,0
1.4182168245315552,0
0.20860789716243744,0
-0.10601796954870224,0
-0.11664722114801407,0
1.5330172777175903,1
0.10955511033535004,0
-0.06876084953546524,0
0.011455786414444447,0
0.0027699084021151066,0
1.0282695293426514,1
1.04069185256958,0
0.357462078332901,0
0.1307539939880371,0
0.17733784019947052,0
1.235438346862793,0
0.02035450004041195,0
0.7745444774627686,0
0.3248237669467926,0
0.07901371270418167,0
1.425110936164856,1
0.3627369701862335,0
0.2842293381690979,0
-0.07085563987493515,0
-0.07805817574262619,0
1.2211488485336304,0
0.8524438142776489,0
0.07006967812776566,0
-0.05582960695028305,0
0.02510564960539341,0
0.5464893579483032,0
0.06483802199363708,0
0.041902244091033936,0
1.3492417335510254,0
0.31713157892227173,0
0.6407888531684875,0
0.6797499060630798,0
0.49793174862861633,0
1.0758538246154785,0
0.9346200227737427,0
0.16622789204120636,0
0.3992253839969635,0
0.0024999240413308144,0
0.19771403074264526,0
1.4130792617797852,0
0.820127546787262,0
1.1196483373641968,0
0.4007984399795532,0
0.48466426134109497,0
0.7442489266395569,0
0.06542783975601196,0
0.17855001986026764,0
0.5857898592948914,0
1.3550206422805786,0
0.08805228024721146,0
0.12871840596199036,0
0.16273200511932373,0
0.5708953142166138,0
0.3129587769508362,0
1.3362014293670654,0
0.22379045188426971,0
1.1572896242141724,0
0.3607036769390106,0
0.6487548351287842,0
0.7767775654792786,0
1.2085936069488525,0
0.4692036807537079,0
0.7079304456710815,0
0.30342116951942444,0
0.595198392868042,0
-0.08724896609783173,0
0.06699269264936447,0
0.007009825203567743,0
1.3052104711532593,0
0.7225196957588196,0
1.4055838584899902,1
0.1276886761188507,0
0.40429192781448364,0
0.20344625413417816,0
0.167622908949852,0
1.1435918807983398,0
0.7175905108451843,0
0.7651125192642212,0
0.6378213167190552,0
0.4188803732395172,0
1.6217710971832275,1
-0.2196943312883377,0
-0.21318279206752777,0
-0.007417907007038593,0
-0.17541581392288208,0
0.5964385867118835,0
0.7283481359481812,0
0.6027199625968933,0
0.320056676864624,0
1.1806094646453857,0
0.2622528672218323,0
0.5313112139701843,0
1.2544054985046387,0
0.6266026496887207,0
0.07727529108524323,0
1.4240927696228027,1
0.17409278452396393,0
0.3285309970378876,0
0.222573384642601,0
0.08013036102056503,0
1.4405864477157593,1
-0.02154533378779888,0
0.43076881766319275,0
-0.1267346739768982,0
0.08364400267601013,0
1.361593246459961,1
0.27960389852523804,0
0.44944748282432556,0
0.332756370306015,0
0.0981522724032402,0
0.7994241118431091,0
0.27600428462028503,0
1.0773587226867676,0
0.8078891634941101,0
0.39310359954833984,0
0.1907792091369629,0
0.39888131618499756,0
0.7595916986465454,0
1.1203020811080933,0
0.7373941540718079,0
0.09605108201503754,0
0.9505072832107544,0
0.11444845795631409,0
1.0527149438858032,0
0.5375882387161255,0
0.4527454376220703,0
0.4774706959724426,0
-0.00055128667736426,0
0.07911904156208038,0
1.3373607397079468,0
0.9517213106155396,0
1.1369065046310425,0
-0.025884149596095085,0
-0.03449741378426552,0
0.15068776905536652,0
1.3966915607452393,1
0.12557579576969147,0
0.2903307378292084,0
0.40816181898117065,0
0.08595118671655655,0
-0.18921199440956116,0
1.4846076965332031,0
-0.16775277256965637,0
0.3601442277431488,0
0.033963967114686966,0
1.622277021408081,1
-0.10284293442964554,0
-0.20064663887023926,0
-0.19412639737129211,0
-0.08774341642856598,0
0.646285355091095,0
1.1562081575393677,0
0.4230218231678009,0
0.16668221354484558,0
0.7537825107574463,0
-0.01952381245791912,0
0.9126794934272766,0
1.166916847229004,0
0.07934623956680298,0
0.14996770024299622,0
1.4242982864379883,1
0.09086032956838608,0
0.11753955483436584,0
0.4293202757835388,0
-0.03939705342054367,0
0.07358324527740479,0
0.2783854901790619,0
1.3377074003219604,0
0.42669057846069336,0
0.4620012938976288,0
0.04606422781944275,0
0.34416720271110535,0
0.16801545023918152,0
0.06300189346075058,0
1.441728115081787,0
1.3876748085021973,0
-0.02732996828854084,0
0.04389509931206703,0
0.29793116450309753,0
0.45462632179260254,0
1.5869911909103394,1
-0.0025697844102978706,0
-0.046312365680933,0
-0.13676312565803528,0
-0.15084972977638245,0
0.1133299171924591,0
0.24639442563056946,0
0.3633299171924591,0
1.3996202945709229,0
0.258491188287735,0
0.6792721152305603,0
1.1605554819107056,0
0.7294058203697205,0
0.5923737287521362,0
0.32165178656578064,0
0.8196753859519958,0
0.7680651545524597,0
0.2540271580219269,0
0.7639363408088684,0
1.0013434886932373,0
-0.018664028495550156,0
-0.02683396264910698,0
1.4069894552230835,0
-0.07993853837251663,0
0.5409764647483826,0
0.6701566576957703,0
0.48668617010116577,0
0.5209797024726868,0
0.7798960208892822,0
1.1691278219223022,0
0.35003718733787537,0
0.29262590408325195,0
1.3912689685821533,0
0.19346097111701965,0
0.256091445684433,0
0.40679845213890076,0
0.4497537910938263,0
0.35525205731391907,0
0.5270733833312988,0
1.3002692461013794,0
0.14437232911586761,0
0.24417273700237274,0
0.6832945346832275,0
1.24217689037323,0
0.5136338472366333,0
0.3048236668109894,0
0.6948046684265137,0
0.47762012481689453,0
1.2496556043624878,0
0.2937266528606415,0
1.5588430166244507,1
0.03727085888385773,0
0.003760667284950614,0
-0.07617510110139847,0
-0.08804329484701157,0
0.3391662836074829,0
0.3054584264755249,0
1.288604497909546,0
0.5105146169662476,0
0.5582674145698547,0
1.429944634437561,1
0.08107638359069824,0
0.1749512106180191,0
0.3886662423610687,0
-0.034769151359796524,0
0.1015915647149086,0
0.2582971155643463,0
0.8996965885162354,0
0.11252450942993164,0
1.1657315492630005,0
-0.24754126369953156,0
-0.16240194439888,0
-0.05404280498623848,0
1.6293938159942627,0
-0.18949173390865326,0
0.8097794055938721,0
0.9130529761314392,0
0.5895923376083374,0
0.25833743810653687,0
0.9734582901000977,0
0.8572847247123718,0
0.5919447541236877,0
1.0231221914291382,0
0.3120940029621124,0
0.8324090838432312,0
1.3689323663711548,1
0.1778973937034607,0
0.008336255326867104,0
0.47946980595588684,0
0.30228134989738464,0
1.3984426259994507,1
0.17886997759342194,0
0.07596081495285034,0
0.44999605417251587,0
0.16452206671237946,0
1.459213137626648,1
0.05116721987724304,0
0.319366455078125,0
-0.06856457889080048,0
0.14216338098049164,0
1.1344255208969116,0
0.16701501607894897,0
0.4885064959526062,0
0.8731219172477722,0
0.4048306345939636,0
1.4798754453659058,1
-0.09217676520347595,0
0.04050713777542114,0
0.30587494373321533,0
0.03798782080411911,0
0.2585676610469818,0
1.1894185543060303,0
0.8626709580421448,0
0.16738224029541016,0
0.05340048298239708,0
0.610381543636322,0
1.3456757068634033,0
0.2049761563539505,0
-0.029523026198148727,0
-0.021573901176452637,0
0.7332949042320251,0
0.7364043593406677,0
0.9913794994354248,0
1.034911870956421,0
0.6773247718811035,0
1.4679100513458252,1
-0.10934660583734512,0
0.38856539130210876,0
0.04886091873049736,0
-0.15753163397312164,0
-0.04034944996237755,0
0.05052291974425316,0
1.5468878746032715,0
0.07475555688142776,0
-0.17564831674098969,0
0.8195120692253113,0
0.26178818941116333,0
0.5113773345947266,0
0.33265918493270874,0
1.1790026426315308,0
0.9431596994400024,0
0.5429133772850037,0
0.9000562429428101,0
0.29352909326553345,0
0.893898606300354,0
0.4533976912498474,0
0.7750157117843628,0
0.8247504830360413,0
0.6854931712150574,0
1.0966336727142334,0
0.14777341485023499,0
1.3338347673416138,0
0.31721076369285583,0
0.43709567189216614,0
0.45787572860717773,0
1.2112064361572266,0
0.3491375148296356,0
0.7370685338973999,0
0.5030784010887146,0
0.12746261060237885,0
-0.11636272817850113,0
0.4047743082046509,0
0.03669850155711174,0
-0.19653765857219696,0
1.4652700424194336,0
0.5092194676399231,0
1.2911882400512695,0
0.5437180995941162,0
0.2493298500776291,0
0.36432525515556335,0
1.5923388004302979,1
0.01616976037621498,0
-0.10901878029108047,0
-0.20668092370033264,0
-0.09393582493066788,0
1.0289825201034546,0
1.0444226264953613,0
0.09100006520748138,0
0.24411380290985107,0
0.2994406223297119,0
0.9369995594024658,0
0.6715608239173889,0
0.5334243178367615,0
0.18131163716316223,0
1.0101306438446045,0
1.5818421840667725,1
-0.035219706594944,0
-0.09052767604589462,0
-0.08495709300041199,0
-0.06267474591732025,0
0.23778919875621796,0
0.9727057814598083,0
1.0497275590896606,0
0.5555042624473572,0
0.22816146910190582,0
1.0524307489395142,0
0.8119868636131287,0
0.6886823177337646,0
0.3835035562515259,0
0.8366478085517883,0
-0.2131621092557907,0
1.5450266599655151,0
0.18664519488811493,0
-0.07347040623426437,0
-0.0638364925980568,0
0.6215607523918152,0
0.4297002851963043,0
0.16080494225025177,0
1.0561537742614746,0
0.9195258617401123,0
0.43149831891059875,0
1.4657448530197144,0
-0.05137838050723076,0
-0.10959755629301071,0
-0.17809070646762848,0
1.5496026277542114,1
-0.04962417483329773,0
-0.04511386528611183,0
0.0637778788805008,0
-0.01901850663125515,0
0.3254719376564026,0
0.8824667930603027,0
0.7529330849647522,0
1.0638139247894287,0
0.4938657283782959,0
0.9790741205215454,0
1.0751582384109497,0
0.417072594165802,0
0.15238803625106812,0
0.1832074671983719,0
0.5561955571174622,0
1.1707090139389038,0
0.4198700785636902,0
0.8015815019607544,0
0.5855579972267151,0
0.5534905791282654,0
1.2115788459777832,0
0.39172589778900146,0
0.48363763093948364,0
0.7336376309394836,0
1.2203986644744873,0
0.8752103447914124,0
-0.11502674221992493,0
-0.0592387393116951,0
-0.12897375226020813,0
0.3660859763622284,0
0.34197798371315,0
-0.07267969846725464,0
1.4075517654418945,0
-0.03410688787698746,0
0.44457346200942993,0
0.23950926959514618,0
0.057626254856586456,0
0.6139743328094482,0
1.28444504737854,0
1.5387316942214966,1
-0.05868528038263321,0
-0.13433103263378143,0
0.13098260760307312,0
0.028768593445420265,0
0.9001071453094482,0
0.8363677859306335,0
0.2391062080860138,0
0.8741392493247986,0
0.7726284265518188,0
-0.19860351085662842,0
1.6470340490341187,0
-0.17133840918540955,0
-0.1293921023607254,0
-0.26571759581565857,0
0.3661474287509918,0
0.9481067657470703,0
1.1105703115463257,0
0.1212395578622818,0
0.1988341212272644,0
0.3473968505859375,0
1.1695444583892822,0
0.23665860295295715,0
0.8641753792762756,0
0.3943767249584198,0
1.4921579360961914,1
0.11030399799346924,0
0.15469041466712952,0
0.0861525610089302,0
0.013698249123990536,0
1.1826590299606323,0
0.889866292476654,0
0.1663302481174469,0
0.07905547320842743,0
0.12128520756959915,0
1.0290026664733887,0
0.9216238260269165,0
0.7178793549537659,0
0.25807762145996094,0
0.5279014110565186,0
1.330315351486206,1
0.29720285534858704,0
0.588593602180481,0
0.1415737271308899,0
0.1879313439130783,0
0.38880929350852966,0
1.023524284362793,0
0.9911409020423889,0
0.6154931783676147,0
0.6219698786735535,0
1.5756860971450806,1
-0.17984804511070251,0
-0.11104756593704224,0
-0.05645587667822838,0
0.06244929879903793,0
1.4487504959106445,0
0.3801038861274719,0
-0.11648815125226974,0
-0.12865953147411346,0
0.16832198202610016,0
1.5266364812850952,0
-0.18932335078716278,0
-0.17816263437271118,0
0.12038648128509521,0
0.1650293469429016,0
1.531223177909851,1
-0.1342390924692154,0
0.06610246747732162,0
0.004357855301350355,0
0.09927377104759216,0
0.5889464616775513,0
0.23016782104969025,0
0.3942899703979492,0
0.9324579238891602,0
1.0755876302719116,0
1.4546253681182861,1
0.360442578792572,0
-0.09835240244865417,0
0.12787103652954102,0
0.006102810613811016,0
1.327980637550354,1
0.370188444852829,0
0.23220142722129822,0
0.5122339129447937,0
0.34989625215530396,0
0.9993277788162231,0
0.010174917057156563,0
0.159968301653862,0
0.03600136190652847,0
1.0948855876922607,0
1.5389600992202759,0
-0.046642985194921494,0
-0.12203208357095718,0
0.1819562315940857,0
-0.0806896761059761,0
-0.08936353772878647,0
-0.19041801989078522,0
0.018281450495123863,0
1.5231144428253174,0
0.22698092460632324,0
-0.07231219112873077,0
0.17109552025794983,0
0.16602453589439392,0
1.5047670602798462,0
-0.12302213162183762,0
1.61161208152771,1
-0.11080194264650345,0
-0.09281892329454422,0
-0.21330517530441284,0
-0.08994163572788239,0
0.0739474669098854,0
0.4281141459941864,0
0.9801974892616272,0
1.0635308027267456,0
0.2093641459941864,0
1.5568839311599731,1
-0.10706596076488495,0
-0.021491387858986855,0
-0.0017956539522856474,0
0.02435213141143322,0
1.4896234273910522,1
0.08060768246650696,0
0.1980787217617035,0
0.02075793780386448,0
0.06914708763360977,0
0.07846064865589142,0
1.25258207321167,0
-0.04933488368988037,0
0.09842869639396667,0
0.7973105311393738,0
1.3866177797317505,0
0.4025752544403076,0
0.0701284408569336,0
0.21474280953407288,0
0.3094901442527771,0
1.6080915927886963,1
-0.16490086913108826,0
-0.14340539276599884,0
-0.09235364943742752,0
-0.07200971990823746,0
0.5723534226417542,0
0.5324761271476746,0
0.7073227167129517,0
1.029408574104309,0
0.9941325783729553,0
1.597962737083435,1
-0.19972841441631317,0
-0.09939856082201004,0
-0.1413172036409378,0
0.009177586995065212,0
1.416495442390442,0
0.1664954125881195,0
-0.06827615946531296,0
-0.027032503858208656,0
0.4583735764026642,0
0.4280201494693756,0
1.3093761205673218,0
0.26276591420173645,0
0.5170031785964966,0
0.4068337082862854,0
0.3525048494338989,0
0.11782680451869965,0
0.5736064910888672,0
1.3280673027038574,0
0.16243502497673035,0
0.7437025308609009,0
0.20516496896743774,0
0.09152860939502716,0
1.25753653049469,0
0.29409778118133545,0
1.1350746154785156,0
0.6899306774139404,0
0.33021846413612366,0
0.7348947525024414,0
0.6809378862380981,0
0.5832582116127014,0
0.39792051911354065,0
0.402039110660553,0
0.4514625072479248,0
1.2834230661392212,0
0.7042932510375977,0
0.5143007040023804,0
0.9582435488700867,0
0.9356701970100403,0
0.9225023984909058,0
0.6043837666511536,0
0.2115667164325714,0
0.27048927545547485,0
0.8260448575019836,0
1.1431043148040771,0
1.38126802444458,0
0.41341570019721985,0
0.12613800168037415,0
-0.0004009867843706161,0
0.3586961627006531,0
1.0648975372314453,0
0.9169793725013733,0
0.8567163944244385,0
0.8475856781005859,0
0.79462730884552,0
1.5031101703643799,1
-0.07142408937215805,0
0.07246825844049454,0
0.19876225292682648,0
0.02588440291583538,0
0.4650476276874542,0
0.7437452077865601,0
0.8430829644203186,0
0.2277408093214035,0
1.0721116065979004,0
1.6086677312850952,1
-0.21719160676002502,0
-0.06857086718082428,0
-0.18068179488182068,0
-0.04017435014247894,0
1.0028506517410278,0
0.3245646357536316,0
0.5665717720985413,0
0.8685255646705627,0
0.8629749417304993,0
1.0975801944732666,0
0.05453380197286606,0
0.0015536680584773421,0
-0.05142646282911301,0
1.0081762075424194,0
1.5671614408493042,1
-0.04223077371716499,0
0.07517169415950775,0
-0.09665171056985855,0
-0.1541299968957901,0
0.7676111459732056,1
1.215557336807251,0
0.0771011933684349,0
0.1780218780040741,0
0.4382910132408142,0
0.02697901427745819,0
0.09149514138698578,0
-0.08592420816421509,0
1.3334306478500366,0
0.6640757918357849,0
1.1166672706604004,0
0.45840394496917725,0
0.3341042399406433,0
0.9048325419425964,0
0.11001461744308472,0
0.17514434456825256,0
1.326025366783142,0
0.27150997519493103,0
0.5853866338729858,0
0.28252318501472473,0
0.0242057666182518,0
1.5228246450424194,0
0.18304555118083954,0
-0.1576542854309082,0
-0.008022597059607506,0
1.0805848836898804,1
0.8389182090759277,0
0.8930848836898804,0
0.8118348717689514,0
0.778501570224762,0
0.640370786190033,0
0.520978569984436,0
1.2518035173416138,0
0.45947355031967163,0
0.33646339178085327,0
1.3527768850326538,1
0.03816002979874611,0
0.23423847556114197,0
0.5216716527938843,0
0.28102990984916687,0
0.4590733051300049,0
1.09260892868042,0
0.4438987970352173,0
0.7872219681739807,0
0.8422295451164246,0
1.0635701417922974,0
0.32052838802337646,0
0.8722182512283325,0
0.7032321691513062,0
0.6609856486320496,0
0.17297761142253876,0
0.2574370801448822,0
0.6459505558013916,0
1.3131803274154663,0
0.08288753032684326,0
1.1793609857559204,0
0.6704833507537842,0
0.34866976737976074,0
0.5706101655960083,0
0.7085302472114563,0
1.6290571689605713,1
-0.09005125612020493,0
-0.22934983670711517,0
-0.22238491475582123,0
-0.10398111492395401,0
0.019198616966605186,0
0.29001331329345703,0
0.469064325094223,0
1.3687957525253296,0
0.22958357632160187,0
0.24540649354457855,0
0.47381702065467834,0
0.7616768479347229,0
1.2122399806976318,0
0.40498095750808716,0
-0.11199389398097992,0
-0.07858632504940033,0
1.13522207736969,0
-0.0730183944106102,0
0.9793200492858887,0
0.9189901947975159,0
1.0240626335144043,0
0.1291351318359375,0
0.10377281159162521,0
0.6617438197135925,0
0.1691765934228897,0
0.17795880138874054,0
0.2745630145072937,0
0.8966355323791504,0
1.1659563779830933,0
-0.22492438554763794,0
-0.2229938805103302,0
-0.13419079780578613,0
-0.1940363496541977,0
1.6495928764343262,0
1.6060665845870972,1
-0.12438660860061646,0
-0.09563130140304565,0
-0.06482204794883728,0
-0.17470839619636536,0
1.5257794857025146,1
0.11926580220460892,0
0.09623479098081589,0
-0.04843888431787491,0
-0.09612280875444412,0
0.09667623788118362,0
0.3655715882778168,0
0.32196691632270813,0
1.0341761112213135,0
1.0214581489562988,0
1.061933159828186,0
0.85638827085495,0
0.8085871338844299,0
0.865948498249054,0
0.6221626400947571,0
0.48009297251701355,0
0.9826835989952087,0
0.868694007396698,0
0.9127354621887207,0
0.37387534976005554,0
0.3633797764778137,0
0.46937769651412964,0
1.0924386978149414,0
0.7718595862388611,0
0.8364924788475037,0
0.4616798758506775,0
0.8563044667243958,0
0.4318163990974426,0
0.8285740613937378,0
1.0610826015472412,0
0.7816197872161865,0
0.9073683023452759,0
1.0600628852844238,0
0.4582664966583252,0
0.5660509467124939,0
-0.04495815187692642,0
-0.21246233582496643,0
-0.18733669817447662,0
1.5253934860229492,0
0.28167498111724854,0
0.12492716312408447,0
0.33988043665885925,0
1.3445532321929932,0
0.540814995765686,0
0.07352529466152191,0
1.3619359731674194,0
0.27435800433158875,0
0.23277795314788818,0
0.3315305709838867,0
0.43548065423965454,0
0.5172201991081238,0
0.6885597705841064,0
0.7625473141670227,0
0.2835753262042999,0
1.1480613946914673,0
-0.020243065431714058,0
-0.05098076909780502,0
0.025863490998744965,0
1.5525028705596924,0
-0.015120115131139755,0
1.248810887336731,0
0.23856505751609802,0
0.047991298139095306,0
0.7713518738746643,0
0.1873355507850647,0
1.237742304801941,0
0.27174338698387146,0
0.05824839696288109,0
0.5880322456359863,0
0.6117539405822754,0
1.3023850917816162,0
0.12150418758392334,0
0.7025725841522217,0
0.00669631315395236,0
0.13556230068206787,0
1.6385610103607178,1
-0.22975338995456696,0
-0.16816505789756775,0
-0.22894302010536194,0
-0.0838862955570221,0
0.36290088295936584,0
0.09095059335231781,0
1.091339111328125,0
0.957306444644928,0
0.3298783302307129,0
0.39422014355659485,0
0.5927572250366211,0
0.8409286141395569,0
1.0969369411468506,0
0.7547217011451721,0
1.4513072967529297,1
0.2691412568092346,0
0.15782399475574493,0
0.1769566535949707,0
-0.02596541866660118,0
1.0710618495941162,0
0.30621761083602905,0
0.4320322275161743,0
0.6094399094581604,0
0.9443421363830566,0
0.6178275942802429,0
1.1300456523895264,0
0.46040281653404236,0
0.5402900576591492,0
0.8762862682342529,0
1.3551914691925049,1
0.17862039804458618,0
0.47404390573501587,0
0.3801231384277344,0
0.0983608290553093,0
0.8798912167549133,1
1.1367160081863403,0
0.5548194050788879,0
0.4650205373764038,0
0.5440435409545898,0
-0.0772748813033104,0
1.4136203527450562,0
-0.10003664344549179,0
0.5410862565040588,0
-0.0469258688390255,0
1.4505012035369873,1
-0.13565696775913239,0
0.3890605568885803,0
0.09598144888877869,0
0.011235684156417847,0
-0.026743030175566673,0
-0.1291758120059967,0
1.5961763858795166,0
-0.2604178190231323,0
-0.026743030175566673,0
0.7137070894241333,0
0.28155848383903503,0
1.1337393522262573,0
0.22097690403461456,0
0.7662111520767212,0
0.6375051140785217,0
-0.012552144937217236,0
1.3133355379104614,0
0.10199539363384247,0
0.29099881649017334,0
1.0223681926727295,0
0.7570677995681763,0
0.5577415823936462,0
0.2096225917339325,0
0.8763827681541443,0
0.35719043016433716,0
0.5830631256103516,0
1.2863484621047974,0
0.46499329805374146,0
0.15441834926605225,0
0.5659025311470032,0
1.3152273893356323,0
0.22161811590194702,0
0.35438141226768494,0
0.3431302607059479,0
0.07802215218544006,0
0.23186829686164856,0
0.9280222058296204,0
0.3318682909011841,0
1.1280221939086914,0
0.9473958015441895,0
0.7257645726203918,0
0.4243461489677429,0
0.6016510725021362,0
1.0426971912384033,0
0.5830047130584717,0
0.9564803242683411,0
0.8497730493545532,0
1.0136449337005615,0
0.7201998829841614,0
0.8725681304931641,0
0.4719747304916382,0
0.9615889191627502,0
0.5127758979797363,0
0.9615889191627502,0
1.496867299079895,1
-0.15729820728302002,0
0.22309289872646332,0
0.16482876241207123,0
-0.11242812871932983,0
1.6116098165512085,0
-0.27063456177711487,0
-0.11125626415014267,0
-0.17974941432476044,0
0.0020208649802953005,0
1.1542648077011108,0
0.6158674955368042,0
0.8015936613082886,0
0.4405753016471863,0
0.2465018630027771,0
1.0614299774169922,1
0.5134629607200623,0
0.9280118942260742,0
0.6834121346473694,0
0.33874887228012085,0
1.0182673931121826,1
0.7455839514732361,0
0.856587827205658,0
0.9048503637313843,0
0.5090974569320679,0
0.17925730347633362,0
0.7286055088043213,0
0.04890349507331848,0
1.2872647047042847,0
0.020970534533262253,0
1.156419038772583,0
0.44858765602111816,0
0.08714187145233154,0
0.10220210999250412,0
0.8552141189575195,0
-0.18388712406158447,0
0.08733929693698883,0
0.00715061416849494,0
-0.07539656013250351,0
1.5566788911819458,0
0.7944920063018799,0
0.5496742725372314,0
0.9767650961875916,0
0.4335198998451233,0
0.9910610318183899,0
1.2558131217956543,0
0.19256611168384552,0
0.35690873861312866,0
0.7204545140266418,0
0.02573343925178051,0
1.1707797050476074,0
0.775164783000946,0
0.20319150388240814,0
0.5320761799812317,0
0.5225432515144348,0
1.1130905151367188,0
0.08854558318853378,0
0.39742588996887207,0
0.25125932693481445,0
0.9310717582702637,0
1.5637450218200684,1
-0.1056949570775032,0
-0.09248039126396179,0
0.07686182111501694,0
-0.05675211921334267,0
-0.2037286013364792,0
-0.034497834742069244,0
1.4655022621154785,0
0.43088677525520325,0
-0.11911321431398392,0
0.24216099083423615,0
0.6442411541938782,0
1.0678839683532715,0
0.9207504987716675,0
0.3550478518009186,0
0.1092572882771492,0
1.489108920097351,0
-0.04627924785017967,0
0.015079202130436897,0
0.2334011197090149,0
-0.2437923550605774,0
-0.234121173620224,0
-0.18092969059944153,0
-0.10839583724737167,0
1.646923303604126,0
0.8898898363113403,0
0.819467306137085,0
0.5377771854400635,0
0.6786222457885742,0
1.0659462213516235,0
0.9000011086463928,0
0.11556235700845718,0
0.08048582822084427,0
0.04859807342290878,0
1.1806132793426514,0
0.6408600807189941,0
1.0685179233551025,0
0.7407801747322083,0
0.4320271909236908,0
0.900652289390564,0
1.2673014402389526,0
0.03779328614473343,0
0.17245370149612427,0
0.17830850183963776,0
0.7520790100097656,0
0.2879069447517395,0
1.3670827150344849,0
0.4072128236293793,0
0.35298287868499756,0
0.14690911769866943,0
-0.1723187118768692,0
0.044906895607709885,0
1.4854557514190674,0
0.31167519092559814,0
-0.008446763269603252,0
0.405029296875,0
1.2141201496124268,0
0.31412020325660706,0
0.7823020219802856,0
0.15048383176326752,0
1.58365797996521,1
-0.09234777092933655,0
0.008945333771407604,0
-0.047807540744543076,0
-0.19364087283611298,0
1.3560611009597778,0
0.14215025305747986,0
0.37180906534194946,0
0.25369882583618164,0
0.4538300633430481,0
0.828181803226471,0
0.9224818348884583,0
0.29381468892097473,0
0.6710149645805359,0
0.9455329775810242,0
1.1180795431137085,1
0.8473519086837769,0
0.3101269006729126,0
0.39472928643226624,0
0.6760321259498596,0
1.5861403942108154,1
-0.14558051526546478,0
-0.06174323707818985,0
0.014878536574542522,0
-0.14180096983909607,0
0.9919136762619019,0
0.6001757979393005,0
0.6429108381271362,0
0.6619042158126831,0
1.0441454648971558,0
0.3308660089969635,0
1.3336241245269775,0
0.5692426562309265,0
-0.01586366817355156,0
0.12204018235206604,0
1.5830891132354736,0
-0.19882574677467346,0
-0.16779737174510956,0
0.15135157108306885,0
-0.24315199255943298,0
0.23665137588977814,0
0.5222318768501282,0
0.17813077569007874,0
1.1425502300262451,0
0.8616513609886169,0
0.2747925817966461,0
0.06292816251516342,0
-0.010261359624564648,0
1.357227087020874,0
0.5482902526855469,0
0.09049926698207855,0
1.1858913898468018,0
0.33302152156829834,0
0.6664896011352539,0
0.6604265570640564,0
1.581488847732544,1
-0.07869676500558853,0
-0.042319443076848984,0
-0.05172736942768097,0
-0.09813981503248215,0
0.9042178392410278,0
0.3391493558883667,0
0.5857247114181519,0
1.0959986448287964,0
0.5857247114181519,0
0.6028183102607727,0
0.7687376141548157,0
1.1566299200057983,0
0.26425328850746155,0
0.580396831035614,0
1.2904940843582153,0
0.2887314260005951,0
0.6853237152099609,0
0.16534718871116638,0
0.15065857768058777,0
1.0068720579147339,0
0.7632996439933777,0
0.2896866798400879,0
0.9256812334060669,0
0.5704715251922607,0
0.2718259394168854,0
1.1964069604873657,0
0.7131667137145996,0
0.1684739887714386,0
0.6154013276100159,0
1.6028692722320557,1
-0.2323661595582962,0
-0.13678841292858124,0
-0.13964147865772247,0
0.022983349859714508,0
0.4177274703979492,0
0.6339137554168701,0
0.9775944948196411,0
0.19599796831607819,0
1.010853886604309,0
0.836902379989624,0
0.4313467741012573,0
0.3841245472431183,0
0.5813468098640442,0
1.1591246128082275,0
1.514086127281189,1
0.15514884889125824,0
-0.06730598956346512,0
-0.03132065013051033,0
0.09953514486551285,0
0.46504443883895874,0
0.19444669783115387,0
0.4569668769836426,0
0.16617529094219208,0
1.3374192714691162,0
0.050424255430698395,0
0.22913293540477753,0
0.769102156162262,0
1.2552666664123535,0
-0.030282888561487198,0
0.5776621699333191,0
1.2096397876739502,0
0.09919328987598419,0
0.6912985444068909,0
0.31649789214134216,0
-0.010728493332862854,0
-0.17157910764217377,0
-0.1388637274503708,0
1.6059565544128418,0
-0.15522141754627228,0
1.1970751285552979,0
0.20259995758533478,0
0.5893402695655823,0
0.7366699576377869,0
0.3177012503147125,0
1.4558781385421753,1
0.29545915126800537,0
0.1003103032708168,0
0.05620887130498886,0
0.12346356362104416,0
0.6247887015342712,0
0.48574215173721313,0
0.9553789496421814,0
0.9695673584938049,0
0.8815991282463074,0
0.3032901883125305,0
0.7095401883125305,0
0.9009464383125305,0
0.5337589383125305,0
1.0611026287078857,0
0.21951322257518768,0
-0.1786591112613678,0
1.5119415521621704,0
-0.13296720385551453,0
0.1085471659898758,0
1.5132267475128174,1
0.06682056933641434,0
0.18157465755939484,0
-0.15827400982379913,0
0.01700972020626068,0
1.6360162496566772,1
-0.16495835781097412,0
-0.12785190343856812,0
-0.28789690136909485,0
-0.1184815913438797,0
1.4389312267303467,1
-0.12481864541769028,0
0.42705634236335754,0
-0.07731864601373672,0
0.12455634772777557,0
1.584043264389038,0
0.03461366519331932,0
-0.028757691383361816,0
-0.24738886952400208,0
-0.1301518678665161,0
0.046699363738298416,0
0.12773127853870392,0
-0.21500065922737122,0
-0.14761187136173248,0
1.5499241352081299,1
0.2502736747264862,0
0.9827765226364136,0
1.0984349250793457,0
0.14647771418094635,0
0.08123453706502914,0
0.3114216923713684,0
-0.04437006264925003,0
0.011475731618702412,0
0.3497031033039093,0
1.4184294939041138,1
-0.15469005703926086,0
1.5167384147644043,0
0.08102422207593918,0
0.20959565043449402,0
-0.1046900600194931,0
0.37053701281547546,0
0.7083748579025269,0
1.1306720972061157,0
0.5732396841049194,0
0.8040955662727356,0
-0.1960587054491043,0
-0.09279738366603851,0
-0.21799397468566895,0
0.22464323043823242,0
1.5506924390792847,1
1.4611117839813232,0
-0.15804018080234528,0
0.4121352732181549,0
0.042983219027519226,0
-0.12514543533325195,0
1.5300790071487427,0
0.05789961665868759,0
-0.18939559161663055,0
0.1854112148284912,0
-0.11984381824731827,0
-0.19387827813625336,0
-0.25899824500083923,0
-0.20879723131656647,0
-0.15430374443531036,0
1.654974341392517,1
0.6534645557403564,0
1.0861010551452637,0
0.563452959060669,0
0.23824968934059143,0
0.8625237941741943,0
0.9688307046890259,0
0.23844429850578308,0
0.5546035170555115,0
0.12573938071727753,0
1.040552020072937,0
1.0357078313827515,0
0.7884719967842102,0
0.7377963066101074,0
0.7608307003974915,0
0.2525383532047272,0
1.3008919954299927,0
-0.010903283953666687,0
-0.09763354808092117,0
-0.10847482830286026,0
0.7501547932624817,0
0.31150439381599426,0
0.006144109647721052,0
0.6739824414253235,0
1.2934902906417847,0
0.032506149262189865,0
0.3605203330516815,0
1.2633438110351562,0
0.6609143018722534,0
0.4622931480407715,0
0.26367202401161194,0
0.44863924384117126,0
0.32385438680648804,0
1.2210144996643066,0
0.7627528309822083,0
0.377640962600708,0
0.10750434547662735,0
0.036416467279195786,0
0.31618165969848633,0
0.880298376083374,0
1.1678602695465088,1
0.6516618728637695,0
0.9795307517051697,0
0.11887499690055847,0
0.4057602286338806,0
0.9795307517051697,0
1.2759231328964233,0
0.07496879249811172,0
0.6104936599731445,0
0.4951702356338501,0
0.08159657567739487,0
0.1902151256799698,0
-0.19225704669952393,0
1.492140293121338,0
0.23834075033664703,0
-0.2099875509738922,0
-0.07693668454885483,0
0.0386505201458931,0
0.2654355466365814,0
0.46637195348739624,0
1.3905819654464722,1
0.4835854470729828,0
0.9360395073890686,0
1.0932481288909912,0
0.5832787156105042,0
0.3915609121322632,0
0.08257275819778442,0
0.14286214113235474,0
0.09922411292791367,0
-0.00412912480533123,0
1.497937798500061,1
0.8256387710571289,0
1.1470966339111328,0
0.6638861298561096,0
0.4325183928012848,0
0.5000859498977661,0
0.3404914438724518,0
0.0007573047769255936,0
1.3966214656829834,0
0.38849735260009766,0
0.07091978937387466,0
0.32191914319992065,0
0.06348314136266708,0
0.271035373210907,0
0.1244097650051117,0
1.4232850074768066,1
0.39407262206077576,0
0.17454196512699127,0
0.6382058262825012,0
1.2362375259399414,0
0.5719680786132812,0
0.6093777418136597,0
0.8138311505317688,0
0.6701064705848694,0
1.0850862264633179,0
0.19237370789051056,0
-0.050343532115221024,0
-0.23383969068527222,0
-0.24442929029464722,0
-0.22848795354366302,0
1.6421709060668945,1
0.2304823398590088,0
1.0247334241867065,0
0.8431903719902039,0
0.8053688406944275,0
0.5633113980293274,0
0.6886305212974548,0
0.3241608440876007,0
0.6689884066581726,0
1.1338509321212769,0
0.7442830801010132,0
0.13973763585090637,0
1.0731887817382812,0
0.5814337134361267,0
0.8906210064888,0
0.5107623338699341,0
-0.15398728847503662,0
-0.1694020926952362,0
-0.19883033633232117,0
-0.09793347865343094,0
1.6282902956008911,1
0.27553030848503113,0
0.11324282735586166,0
1.1410635709762573,0
0.2987142503261566,0
0.9169523119926453,0
0.05662202090024948,0
0.533230185508728,0
0.16480915248394012,0
1.2759202718734741,0
0.5770898461341858,0
0.40850019454956055,0
0.9500830173492432,0
0.14525404572486877,0
0.4839528799057007,0
1.072484016418457,0
-0.17791874706745148,0
-0.2100318968296051,0
-0.15861372649669647,0
-0.1708649843931198,0
1.6425073146820068,1
0.9693536758422852,0
0.3333112895488739,0
0.48127949237823486,0
0.7065445184707642,0
1.0179402828216553,0
0.06099408119916916,0
0.26059490442276,0
1.2336487770080566,0
0.7895370125770569,0
0.215684711933136,0
1.2838484048843384,0
0.08902342617511749,0
0.6103324294090271,0
0.012919921427965164,0
0.46193060278892517,0
-0.2464466243982315,0
-0.165309339761734,0
-0.12182558327913284,0
-0.2581556439399719,0
1.649979591369629,1
0.7917423844337463,0
0.6813744902610779,0
0.9205048680305481,0
0.25662532448768616,0
0.948932945728302,0
0.08651101589202881,0
-0.1931804120540619,0
-0.21381191909313202,0
0.13064450025558472,0
1.5445305109024048,1
-0.131092369556427,0
0.551511287689209,0
0.03307812660932541,0
1.404045820236206,0
-0.13397255539894104,0
1.3693065643310547,0
0.3299807906150818,0
0.020992029458284378,0
0.46051615476608276,0
0.18126963078975677,0
0.5779364705085754,0
0.748060941696167,0
1.1775215864181519,0
0.6754468679428101,0
0.5717124342918396,0
1.2039393186569214,0
0.585400402545929,0
0.2184121012687683,0
0.6543183922767639,0
0.5612791180610657,0
0.2649405002593994,0
0.7430604696273804,0
0.8889275789260864,0
0.9902241230010986,0
0.722801148891449,0
0.9485061168670654,0
0.8291139602661133,0
0.3008939325809479,0
0.9267984628677368,0
0.6590704917907715,0
-0.18282915651798248,0
-0.08818916231393814,0
-0.07174524664878845,0
-0.1532650887966156,0
1.6106072664260864,1
-0.25877127051353455,0
-0.1476108282804489,0
-0.11584410816431046,0
-0.24637900292873383,0
1.6462615728378296,1
1.3536595106124878,0
0.16448678076267242,0
0.249644935131073,0
0.4716643989086151,0
0.3591339886188507,0
0.6693025827407837,0
1.0741320848464966,0
0.6266889572143555,0
0.2218593806028366,0
0.8397570848464966,0
0.6996806859970093,0
0.12457918375730515,0
0.02309068664908409,0
0.4053640067577362,0
1.257867455482483,0
-0.12347030639648438,0
-0.19887830317020416,0
0.040288835763931274,0
-0.07226040214300156,0
1.58558988571167,1
-0.26554495096206665,0
-0.15277786552906036,0
-0.10859427601099014,0
-0.17519938945770264,0
1.6376467943191528,1
0.4258486330509186,0
0.9975259304046631,0
0.8901550769805908,0
0.881449282169342,0
0.4302015006542206,0
0.9256649613380432,0
0.8003463745117188,0
0.41377031803131104,0
1.0276191234588623,0
0.5454610586166382,0
0.13487456738948822,0
0.027347687631845474,0
1.376810073852539,0
0.25315412878990173,0
0.4950896203517914,0
1.2140872478485107,0
0.23774094879627228,0
0.5837399363517761,0
0.6768451929092407,0
0.06662872433662415,0
0.11809954047203064,0
-0.16738170385360718,0
0.11402124166488647,0
1.5373491048812866,0
-0.17146000266075134,0
0.17672249674797058,0
1.063066840171814,0
0.7831686735153198,0
0.3145511746406555,0
0.8107343912124634,0
1.326962947845459,0
0.5071397423744202,0
0.42976319789886475,0
0.2713254392147064,0
0.13683760166168213,0
0.9475498199462891,0
0.17851689457893372,0
0.15794076025485992,0
1.1275910139083862,0
0.26596546173095703,0
0.31122854351997375,0
0.6993404626846313,0
1.0734663009643555,0
0.47906070947647095,0
0.8986411094665527,0
-0.13115236163139343,0
0.04977351799607277,0
-0.2289402186870575,0
-0.24725255370140076,0
1.6074206829071045,1
0.23260299861431122,0
0.22959819436073303,0
1.3203433752059937,0
0.2175789624452591,0
0.6172183752059937,0
0.2298484742641449,0
1.0963588953018188,0
0.6318780779838562,0
0.7353128790855408,0
0.7528772950172424,0
-0.02125711739063263,0
-0.14694318175315857,0
0.49630600214004517,0
-0.17328785359859467,0
1.4375793933868408,1
-0.11418504267930984,0
0.22001349925994873,0
-0.09796181321144104,0
0.4698512554168701,0
1.4043093919754028,0
-0.04932072386145592,0
-0.12060749530792236,0
0.2651531994342804,0
-0.20136909186840057,0
1.5253047943115234,1
0.8813940286636353,0
0.32917100191116333,0
0.18626344203948975,0
1.0684088468551636,0
0.6873220205307007,0
0.2849968373775482,0
0.4589530825614929,0
0.2303248643875122,0
0.2874819338321686,0
1.3610405921936035,0
1.0347450971603394,0
0.7715871930122375,0
0.5674129724502563,0
0.6354710459709167,0
0.9712242484092712,0
0.9584153294563293,0
1.0952427387237549,0
0.45748770236968994,0
0.30906471610069275,0
0.3624042272567749,0
-0.23126880824565887,0
-0.2520405948162079,0
-0.1409035176038742,0
-0.19174395501613617,0
1.6546084880828857,1
1.2591873407363892,0
0.046867676079273224,0
0.09273923188447952,0
0.7709829807281494,0
0.1975885033607483,0
0.7334291338920593,0
0.9782745242118835,0
0.3618656098842621,0
0.9567968249320984,0
0.7291336059570312,0
1.4861801862716675,0
0.13970133662223816,0
0.211532324552536,0
-0.06029864773154259,0
0.048152051866054535,0
1.3840187788009644,0
0.09993782639503479,0
0.3857777714729309,0
0.26484549045562744,0
0.3088208734989166,0
0.47903111577033997,0
1.2229713201522827,0
0.3745958209037781,0
0.7291600704193115,0
0.16701458394527435,0
0.6992360353469849,0
1.2150429487228394,0
0.47183728218078613,0
0.5799903273582458,0
0.5383930206298828,0
0.07861745357513428,0
0.20473021268844604,0
1.2062138319015503,0
0.6331426501274109,0
0.6553978323936462,0
0.3376099765300751,0
1.1352927684783936,0
0.7966117858886719,0
0.6584656238555908,0
0.6183586716651917,0
1.1283247470855713,0
0.9256219863891602,0
0.3850814998149872,0
0.18237879872322083,0
0.24994637072086334,0
1.4160126447677612,0
0.07957641035318375,0
-0.006859759334474802,0
0.16601258516311646,0
0.435294508934021,0
-0.13551487028598785,0
-0.2514632046222687,0
-0.2561857998371124,0
-0.11792720854282379,0
1.6449649333953857,1
0.33709391951560974,0
0.5628464221954346,0
0.14199915528297424,0
1.0505832433700562,0
0.9558229446411133,0
0.9114952087402344,0
0.31470486521720886,0
1.0469014644622803,0
0.7409836649894714,0
0.4501110911369324,0
0.42957380414009094,0
0.21675054728984833,0
1.2673970460891724,0
0.49692294001579285,0
0.6019876003265381,0
1.0438121557235718,0
0.9795379638671875,0
0.6220124363899231,0
0.3930354714393616,0
0.35822027921676636,0
1.3914098739624023,0
0.3621492087841034,0
0.174777552485466,0
0.3441820740699768,0
0.13627652823925018,0
0.33030110597610474,0
0.4697181284427643,0
1.290377140045166,0
0.574280858039856,0
0.3588182330131531,0
-0.20200634002685547,0
-0.22148148715496063,0
-0.2248542755842209,0
-0.19781754910945892,0
1.6602641344070435,1
0.9583708643913269,0
0.951704204082489,0
0.7750375270843506,0
0.5117042064666748,0
0.8783708810806274,0
-0.11880692094564438,0
-0.07934510707855225,0
0.42200785875320435,0
0.08526703715324402,0
1.4472633600234985,1
-0.06815582513809204,0
-0.057354800403118134,0
-0.1817125678062439,0
-0.048305291682481766,0
1.5905317068099976,1
0.9477519989013672,0
0.5360089540481567,0
0.31628960371017456,0
0.24612712860107422,0
1.0825377702713013,0
-0.12488307803869247,0
-0.023680921643972397,0
0.04256049171090126,0
-0.22608523070812225,0
1.579606533050537,1
0.6330425143241882,0
0.17457206547260284,0
0.8715293407440186,0
0.5014635324478149,0
1.081233263015747,0
-0.1406971514225006,0
-0.04605994001030922,0
-0.11703785508871078,0
0.47050154209136963,0
1.4484195709228516,0
-0.056082531809806824,0
0.04046807810664177,0
-0.23242036998271942,0
-0.03190458193421364,0
1.5727053880691528,1
0.08320974558591843,0
-0.07876208424568176,0
-0.05172891542315483,0
0.10024745762348175,0
1.530733585357666,1
0.178287535905838,0
-0.01694023422896862,0
0.0033959909342229366,0
0.9605543613433838,0
1.1259557008743286,1
0.6355265378952026,0
0.7916023135185242,0
0.5658498406410217,0
1.1344116926193237,0
0.24254995584487915,0
0.620450496673584,0
0.6842803359031677,0
0.19066327810287476,0
0.5842803120613098,0
1.1715143918991089,0
0.05437646806240082,0
-0.21594296395778656,0
0.10728301852941513,0
-0.17229504883289337,0
1.5552692413330078,1
1.0900683403015137,0
0.8263320922851562,0
0.43622222542762756,0
0.449958473443985,0
0.8071013689041138,0
0.9624367356300354,0
1.1020764112472534,0
0.3768511414527893,0
0.2327069789171219,0
0.24622049927711487,0
0.6112882494926453,0
0.907680094242096,0
0.9656697511672974,0
0.9656697511672974,0
0.5790717601776123,0
0.7141531109809875,0
0.6101669669151306,0
0.43902313709259033,0
1.110600233078003,0
0.8549676537513733,0
0.8230217695236206,0
0.9792717695236206,0
0.9304436445236206,0
0.9030998945236206,0
1.0066155195236206,0
1.0309319496154785,0
0.3802036643028259,0
0.7570244669914246,0
0.9216855764389038,0
0.6446115374565125,0
-0.17027544975280762,0
0.01633170060813427,0
-0.24371294677257538,0
-0.24259687960147858,0
1.6214656829833984,1
0.6602420806884766,0
0.5060132145881653,0
0.8741724491119385,0
0.2373565286397934,0
1.0856152772903442,0
0.7127076387405396,0
0.2547221779823303,0
0.16338607668876648,0
0.13598524034023285,0
1.2816011905670166,1
-0.18442431092262268,0
0.0874091237783432,0
-0.15405994653701782,0
-0.11357410997152328,0
1.5832159519195557,1
0.38315045833587646,0
0.171984001994133,0
-0.12728817760944366,0
-0.14308974146842957,0
1.4476017951965332,1
0.513741672039032,0
0.44958606362342834,0
1.2918874025344849,0
0.389569491147995,0
0.4744204878807068,0
-0.21896067261695862,0
-0.26835426688194275,0
0.02996342070400715,0
-0.1844014674425125,0
1.620012879371643,1
0.9355801343917847,0
1.0380586385726929,0
0.6066954731941223,0
0.21823027729988098,0
0.575713574886322,0
0.6912888288497925,0
0.5198602676391602,0
1.1103365421295166,0
0.8222412467002869,0
0.7770031690597534,0
-0.12947207689285278,0
-0.0713166743516922,0
-0.24573415517807007,0
-0.2705743908882141,0
1.6364257335662842,1
0.6560462117195129,0
0.10901481658220291,0
0.7160862684249878,0
1.1663864850997925,0
0.3541782796382904,0
1.229503870010376,0
0.23893782496452332,0
0.1279500275850296,0
0.23061375319957733,0
0.8022009134292603,0
0.2753232717514038,0
0.4011094272136688,0
1.2753231525421143,0
0.621235191822052,0
0.4545685350894928,0
0.1832195669412613,0
-0.16934454441070557,0
1.50419020652771,0
0.1900877058506012,0
-0.16476579010486603,0
1.557627558708191,0
-0.2342979460954666,0
-0.2125588208436966,0
0.2501741051673889,0
-0.20324204862117767,0
0.3881722688674927,0
1.0352962017059326,0
0.40476518869400024,0
0.9855174422264099,0
0.6425970792770386,0
-0.11725565791130066,0
-0.1324424296617508,0
-0.22695580124855042,0
-0.07428034394979477,0
1.61710524559021,1
0.3475019335746765,0
0.15353640913963318,0
1.231122612953186,0
0.6276743412017822,0
0.606122612953186,0
0.6200746297836304,0
1.2999461889266968,0
0.036562852561473846,0
0.3898819088935852,0
-0.0009103811462409794,0
1.3447500467300415,0
0.3531007170677185,0
0.08692118525505066,0
0.060825150460004807,0
0.535772979259491,0
-0.18422159552574158,0
-0.1580641269683838,0
-0.2156105637550354,0
-0.1724507361650467,0
1.6441854238510132,1
-0.26576077938079834,0
-0.10280239582061768,0
-0.24770866334438324,0
-0.12838847935199738,0
1.6417477130889893,1
0.17233899235725403,0
1.0892771482467651,0
0.3987233638763428,0
0.5909057855606079,0
0.8987233638763428,0
0.07212765514850616,0
-0.05091971158981323,0
-0.24184459447860718,0
-0.18512502312660217,0
1.5852694511413574,1
1.2712390422821045,0
0.09936411678791046,0
0.7764474153518677,0
-0.07641712576150894,0
-0.05688587576150894,0
0.718235433101654,0
0.6497422456741333,0
1.140609860420227,0
0.6839888095855713,0
0.28064027428627014,0
0.6133517026901245,0
0.6921244859695435,0
1.0859885215759277,0
0.2609470784664154,0
0.833086371421814,0
0.8488875031471252,0
0.4105849862098694,0
0.9270561337471008,0
0.9800991415977478,0
0.6827792525291443,0
0.6334443092346191,0
0.6113854646682739,0
1.162856101989746,0
0.7584443092346191,0
0.35035601258277893,0
0.8465353846549988,0
0.5632228255271912,0
0.2830235958099365,0
0.10556407272815704,0
1.1298480033874512,0
0.42948010563850403,0
1.1429425477981567,0
0.1205819696187973,0
0.8617069721221924,0
0.4260222911834717,0
0.22242242097854614,0
0.255934476852417,0
0.16210070252418518,0
1.2445403337478638,0
0.7753714919090271,0
0.7179237008094788,0
1.118347406387329,0
0.781482994556427,0
0.7242796421051025,0
0.427669495344162,0
0.5687578916549683,0
0.8693907856941223,0
1.1383781433105469,0
0.33669042587280273,0
0.4474498927593231,0
0.4320070743560791,0
0.4104088246822357,0
0.09723386913537979,0
-0.016157055273652077,0
1.3634326457977295,0
0.09262502193450928,0
-0.22182436287403107,0
-0.04263913631439209,0
-0.23901087045669556,0
1.5821220874786377,1
-0.07893265038728714,0
-0.2223752737045288,0
0.2284443974494934,0
-0.22749821841716766,0
1.5501656532287598,0
0.18003033101558685,0
-0.14340431988239288,0
-0.020245926454663277,0
-0.13649824261665344,0
1.5428297519683838,1
0.3621216118335724,0
1.0573878288269043,0
1.0130090713500977,0
0.3177429139614105,0
0.3621216118335724,0
0.7788122296333313,0
0.6238535046577454,0
1.1266083717346191,0
0.7478204965591431,0
0.40002432465553284,0
0.5319262146949768,0
0.8161015510559082,0
1.180143117904663,0
0.349905401468277,0
0.3610495328903198,0
-0.045846372842788696,0
1.4102706909179688,0
0.5492334365844727,0
-0.16220276057720184,0
-0.05581977590918541,0
0.9478720426559448,0
0.6635911464691162,0
0.4322644770145416,0
0.3291429877281189,0
1.0537806749343872,0
-0.1733088493347168,0
-0.03956080228090286,0
-0.20472408831119537,0
-0.22074276208877563,0
1.6271576881408691,1
0.2647145986557007,0
0.2087664157152176,0
0.15478134155273438,0
0.2018955945968628,0
1.4298107624053955,1
0.8630305528640747,0
0.39325931668281555,0
0.9528998732566833,0
0.9161351323127747,0
0.2768377661705017,0
1.0449838638305664,0
0.3073745369911194,0
0.9137884974479675,0
0.6980450749397278,0
0.22719959914684296,0
0.294254869222641,0
0.9014267921447754,0
0.6956403255462646,0
0.7241652011871338,0
1.01348876953125,0
0.5102969408035278,0
1.3105556964874268,0
0.46284225583076477,0
0.3614617586135864,0
0.23635391891002655,0
0.8718960881233215,0
0.054753199219703674,0
0.21761034429073334,0
1.1861817836761475,0
0.19332462549209595,0
0.6257824897766113,0
0.9632825255393982,0
1.050782561302185,0
0.6632825136184692,0
0.45078250765800476,0
0.4550282657146454,0
1.0846993923187256,0
0.7670611143112183,0
0.1784961223602295,0
0.7820088267326355,0
0.8270541429519653,0
0.23838426172733307,0
1.1176944971084595,0
0.6423251032829285,0
0.5339507460594177,0
0.11088000237941742,0
-0.08305428177118301,0
-0.1489073485136032,0
0.22929470241069794,0
1.5040651559829712,1
-0.08506070822477341,0
-0.21365374326705933,0
1.5563915967941284,0
0.20616470277309418,0
-0.21743589639663696,0
-0.0803886279463768,0
-0.27861660718917847,0
-0.18848514556884766,0
-0.19818219542503357,0
1.6420105695724487,1
0.00586218386888504,0
-0.24858935177326202,0
-0.05990318953990936,0
-0.07400885224342346,0
1.5873452425003052,1
0.688365638256073,0
1.3103364706039429,0
0.16736401617527008,0
0.04620084911584854,0
-0.05072968080639839,0
-0.05793255195021629,0
-0.021005883812904358,0
-0.223778635263443,0
-0.2620009779930115,0
1.6115413904190063,1
0.7081536054611206,0
0.06992607563734055,0
1.313312292098999,0
-0.08549720048904419,0
0.0037885089404881,0
0.27520307898521423,0
0.9443206787109375,0
0.2899089753627777,0
0.40755602717399597,0
1.113438367843628,0
0.8621419072151184,0
1.089604377746582,0
0.7285860180854797,0
0.5052972435951233,0
0.33417871594429016,0
0.0993361622095108,0
-0.04345463588833809,0
0.44702595472335815,0
0.0012400466948747635,0
1.4285675287246704,1
-0.237710639834404,0
-0.19692085683345795,0
-0.21512001752853394,0
-0.19776536524295807,0
1.6603232622146606,1
0.1367618888616562,0
0.05022342503070831,0
0.25535163283348083,0
1.1495823860168457,0
0.918813169002533,0
0.6759451627731323,0
0.9705880284309387,0
0.6313022971153259,0
0.2563022971153259,0
0.9795166254043579,0
0.2796306312084198,0
0.7609665989875793,0
0.8837563991546631,0
0.6234420537948608,0
1.026192545890808,0
0.32127296924591064,0
0.05897790566086769,0
0.19627298414707184,0
0.40119099617004395,0
1.3868467807769775,0
-0.22814533114433289,0
-0.14328357577323914,0
-0.20556116104125977,0
0.3131905496120453,0
1.5293142795562744,1
0.8852556347846985,0
0.9983509182929993,0
0.6451762914657593,0
0.8673985004425049,0
0.3852556347846985,0
0.3354431390762329,0
0.5858244299888611,0
0.5260887742042542,0
0.16894593834877014,0
1.273419737815857,1
1.2978706359863281,0
0.5595665574073792,0
0.3329583704471588,0
0.2562039792537689,0
0.471847265958786,0
1.4768227338790894,0
-0.06049942225217819,0
-0.05753733962774277,0
-0.12862738966941833,0
0.3867754340171814,0
0.5618869066238403,0
0.9507758021354675,0
1.0804054737091064,0
0.31188690662384033,0
0.36744245886802673,0
0.19688484072685242,0
0.6999712586402893,0
0.931452751159668,0
1.0055267810821533,0
0.5425638556480408,0
1.3088350296020508,0
0.6632756590843201,0
0.24386776983737946,0
0.13695986568927765,0
0.042387500405311584,0
0.3151129484176636,0
0.6258596181869507,0
0.5902532339096069,0
0.6247806549072266,0
1.2095885276794434,0
1.2867907285690308,0
0.46345528960227966,0
0.5354409217834473,0
0.32098376750946045,0
0.48145169019699097,0
-0.17752942442893982,0
-0.14691202342510223,0
-0.16765134036540985,0
-0.2833327054977417,0
1.6481385231018066,1
0.1786903589963913,0
0.17578338086605072,0
0.6699694395065308,0
0.5275275707244873,0
1.2455508708953857,0
0.9360558390617371,0
0.1396568864583969,0
0.4997677206993103,0
1.0433965921401978,0
0.5690197944641113,0
0.6359051465988159,0
0.9668574929237366,0
0.9882860779762268,0
0.4001908302307129,0
0.7835241556167603,0
0.4216846227645874,0
0.11043491959571838,0
0.20869334042072296,0
0.29047727584838867,0
1.3848525285720825,1
-0.20359504222869873,0
-0.18055851757526398,0
0.1226666048169136,0
0.020073654130101204,0
1.5581642389297485,1
-0.21241429448127747,0
0.018878761678934097,0
0.09167149662971497,0
-0.09500665217638016,0
1.557701587677002,1
-0.06223898008465767,0
0.0937943086028099,0
-0.1107826679944992,0
0.5480245351791382,0
1.3940716981887817,0
-0.22085687518119812,0
0.10646019876003265,0
-0.17110078036785126,0
-0.15646663308143616,0
1.5888992547988892,1
0.550163745880127,0
1.332062840461731,0
0.18221122026443481,0
0.33799755573272705,0
0.2593625485897064,0
0.006707015447318554,0
0.428719162940979,0
0.6380372047424316,0
-0.0034212758764624596,0
1.2794957160949707,0
-0.231374129652977,0
-0.24943017959594727,0
-0.1422904133796692,0
-0.18987786769866943,0
1.6542855501174927,1
-0.08247204124927521,0
0.0013069247361272573,0
-0.011170793324708939,0
0.5708256363868713,0
1.3907898664474487,1
-0.2601267695426941,0
-0.18738418817520142,0
-0.22164833545684814,0
0.05081574618816376,0
1.6150563955307007,1
1.1258066892623901,0
0.6061437129974365,0
0.8850361704826355,0
0.5218740701675415,0
0.5981180667877197,0
1.242087483406067,0
0.5211572647094727,0
0.6723200678825378,0
0.428134024143219,0
0.4397619366645813,0
-0.18102164566516876,0
0.08768855780363083,0
0.05119704827666283,0
-0.04169043153524399,0
1.5446949005126953,1
-0.04240972176194191,0
0.03356368467211723,0
1.0900688171386719,0
0.031189514324069023,0
1.0164695978164673,0
-0.23435181379318237,0
0.14170752465724945,0
1.5664957761764526,0
-0.06221197545528412,0
-0.1522543579339981,0
0.8093904852867126,0
1.0166609287261963,0
0.6212527751922607,0
0.9305640459060669,0
0.42354869842529297,0
1.0921416282653809,0
0.19807957112789154,0
0.20145338773727417,0
0.8542873859405518,0
0.6670404076576233,0
0.12407724559307098,0
-0.2610867917537689,0
-0.06850478053092957,0
-0.2111581265926361,0
1.57914137840271,0
0.7650607824325562,0
0.1782781034708023,0
1.1754558086395264,0
0.47343331575393677,0
0.553395688533783,0
0.18852515518665314,0
0.921963632106781,0
0.8904178738594055,0
0.12543368339538574,0
0.85887211561203,0
0.5381813049316406,0
1.0342648029327393,0
0.8493214249610901,0
0.3336556553840637,0
0.8449698090553284,0
0.24160021543502808,0
1.376286506652832,0
0.14012420177459717,0
-0.016702355816960335,0
0.49990278482437134,0
1.2318474054336548,0
0.2677406668663025,0
0.7268391251564026,0
0.4764217734336853,0
0.3804284632205963,0
0.49805060029029846,0
0.12905345857143402,0
0.3426834046840668,0
1.338446021080017,0
0.3356212377548218,0
-0.04955383390188217,0
-0.2168699949979782,0
-0.10419632494449615,0
-0.18764261901378632,0
1.6168303489685059,1
0.34980669617652893,0
0.5857069492340088,0
0.4935160279273987,0
1.2635811567306519,0
0.5179194808006287,0
-0.16214604675769806,0
-0.1456480771303177,0
-0.18300199508666992,0
-0.2817230820655823,0
1.6477404832839966,1
0.35541296005249023,0
0.13802166283130646,0
0.2648332715034485,0
1.4170072078704834,0
-0.017775438725948334,0
-0.17645929753780365,0
-0.17822442948818207,0
-0.2762608230113983,0
-0.17082995176315308,0
1.6525520086288452,1
0.038982637226581573,0
0.07237958163022995,0
1.5513873100280762,0
-0.05166621506214142,0
-0.18525400757789612,0
1.3217604160308838,0
-0.10612422227859497,0
0.018875783309340477,0
0.711183488368988,0
-0.12054730206727982,0
-0.03278103843331337,0
1.4815046787261963,0
0.15531420707702637,0
0.18626658618450165,0
0.09340944141149521,0
-0.10158941894769669,0
-0.26221147179603577,0
-0.18256260454654694,0
-0.2376641035079956,0
1.6483681201934814,1
-0.018108246847987175,0
1.2934074401855469,0
0.3509862422943115,0
0.6536437273025513,0
0.05817127972841263,0
0.9165298342704773,0
0.6262072920799255,0
0.4839785397052765,0
1.0924829244613647,0
0.6569990515708923,0
0.6711634993553162,0
0.7942204475402832,0
0.8622256517410278,0
1.0273810625076294,0
0.3214225172996521,0
-0.13339173793792725,0
-0.2587326169013977,0
-0.20906825363636017,0
-0.2047678679227829,0
1.6530567407608032,1
0.7063964605331421,0
0.5518510341644287,0
0.9882146120071411,0
0.5245782732963562,0
1.0336692333221436,0
1.0010007619857788,0
0.761228084564209,0
1.0135008096694946,0
0.6771371960639954,0
0.7964553833007812,0
0.5594138503074646,0
0.5738925933837891,0
0.9069041609764099,0
0.9310354590415955,0
0.9889504909515381,0
0.9989334940910339,0
0.9423906803131104,0
0.4335053861141205,0
0.5869787335395813,0
0.8333438038825989,0
0.9623537063598633,0
0.7316755056381226,0
0.7533631920814514,0
0.9485524892807007,0
0.3334105610847473,0
0.641997754573822,0
0.2813217043876648,0
1.0253448486328125,0
0.2710166871547699,0
0.9717586636543274,0
0.1334010809659958,0
0.7240082621574402,0
0.22353391349315643,0
1.2695491313934326,0
0.2804599106311798,0
0.7258444428443909,0
0.37997063994407654,0
0.34356287121772766,0
0.19793181121349335,0
1.247689127922058,0
0.1529805213212967,0
0.30200791358947754,0
0.09755278378725052,0
0.35952726006507874,0
1.4042878150939941,1
1.3286397457122803,0
0.26013854146003723,0
0.4972579777240753,0
0.10498631745576859,0
0.4357825517654419,0
0.9288569092750549,0
0.5429872870445251,0
1.0212482213974,0
0.809291660785675,0
0.41798728704452515,0
0.9743456244468689,0
0.805280864238739,0
0.9455686211585999,0
0.30887797474861145,0
0.3628348112106323,0
-0.015855638310313225,0
-0.19623896479606628,0
1.5991387367248535,0
-0.1765095293521881,0
-0.05249600112438202,0
-0.16316772997379303,0
-0.2255086600780487,0
-0.22305706143379211,0
-0.22037196159362793,0
1.657853126525879,1
1.2818901538848877,0
-0.02580222114920616,0
0.051120854914188385,0
0.27547982335090637,0
0.7081721425056458,0
0.036397743970155716,0
0.40784287452697754,0
-0.08790095150470734,0
-0.010516549460589886,0
1.453015923500061,1
-0.22005978226661682,0
1.600230097770691,0
-0.104117751121521,0
-0.1722337007522583,0
0.027766309678554535,0
0.5450348854064941,0
0.6818962693214417,0
0.9487758278846741,0
1.0742319822311401,0
0.5632830858230591,0
0.4920954406261444,0
0.6219655871391296,0
0.7558941841125488,0
0.8979396224021912,0
1.0805695056915283,0
-0.1156090646982193,0
1.58716881275177,0
-0.24338684976100922,0
-0.07116462290287018,0
0.04272427037358284,0
-0.014104567468166351,0
0.1737612783908844,0
0.017535997554659843,0
0.3303820788860321,0
1.4516445398330688,1
0.7787817120552063,0
1.0548739433288574,0
0.842495322227478,0
0.281208872795105,0
0.581572949886322,0
1.110971450805664,0
0.1592537760734558,0
0.7488545179367065,0
0.5120857357978821,0
0.7233206033706665,0
0.36674413084983826,0
0.6296253204345703,0
0.5297304391860962,0
0.5271016359329224,0
1.2447673082351685,0
0.005647556856274605,0
0.051129668951034546,0
0.06856448203325272,0
-0.026947958394885063,0
1.530056357383728,1
0.9254798293113708,0
0.11152640730142593,0
0.3634643852710724,0
0.4700535237789154,0
1.0950535535812378,0
-0.15565304458141327,0
-0.09126511961221695,0
-0.2251283973455429,0
-0.12878499925136566,0
1.6246330738067627,1
1.0650780200958252,0
0.2282492071390152,0
0.45475926995277405,0
0.9308498501777649,0
0.6099606156349182,0
0.2683650553226471,0
1.123179316520691,0
0.6190094947814941,0
0.27973729372024536,0
0.857826828956604,0
-0.2018166482448578,0
-0.1695060431957245,0
-0.2720802426338196,0
-0.15188691020011902,0
1.6514921188354492,1
-0.13564765453338623,0
-0.16456088423728943,0
-0.1471225917339325,0
-0.2897912859916687,0
1.6419285535812378,1
0.6638819575309753,0
1.1824004650115967,0
0.5033881068229675,0
0.7441288828849792,0
0.5651165246963501,0
1.0537400245666504,0
0.19106392562389374,0
0.8718151450157166,0
0.5646945834159851,0
0.682065486907959,0
1.3450381755828857,0
-0.0262697022408247,0
-0.08956083655357361,0
0.5011564493179321,0
0.39567121863365173,0
1.1666274070739746,0
0.7354159355163574,0
0.5300771594047546,0
0.7251490354537964,0
0.6173461675643921,0
1.4045002460479736,0
0.03752335160970688,0
0.2861759662628174,0
0.41233962774276733,0
-0.03964470326900482,0
-0.1804986149072647,0
-0.13971927762031555,0
0.3802172839641571,0
-0.09724079817533493,0
1.4925869703292847,1
0.7643721103668213,0
1.1700325012207031,0
0.6322966814041138,0
0.5662589073181152,0
0.35871174931526184,0
-0.2292357236146927,0
-0.144093856215477,0
-0.1959908902645111,0
-0.24898511171340942,0
1.6551313400268555,1
0.41729456186294556,0
0.9604493379592896,0
0.9120862483978271,0
0.37265169620513916,0
0.8897647857666016,0
-0.09624060988426208,0
0.49830129742622375,0
1.3949874639511108,0
0.2107769399881363,0
-0.10842384397983551,0
0.8879945874214172,0
0.32818603515625,0
0.971726655960083,0
0.5243582725524902,0
0.8903869390487671,0
-0.15096789598464966,0
-0.14409975707530975,0
0.055076051503419876,0
0.47403207421302795,0
1.435570478439331,0
0.04564746841788292,0
1.3501402139663696,0
0.4571243226528168,0
0.3236723840236664,0
0.3381296694278717,0
0.32212015986442566,0
0.28720396757125854,0
0.6759376525878906,0
0.8900903463363647,0
1.0832933187484741,0
0.789962887763977,0
0.5473929643630981,0
0.8883020877838135,0
0.42720067501068115,0
1.0631272792816162,0
1.42754065990448,0
-0.14808960258960724,0
0.4742843806743622,0
0.10401125252246857,0
-0.1585938036441803,0
-0.08648381382226944,0
-0.11980980634689331,0
-0.2504116892814636,0
-0.2593686580657959,0
1.637060523033142,1
1.047635793685913,0
-0.08454182744026184,0
-0.06016479805111885,0
1.0611786842346191,0
0.0535946749150753,0
0.37243354320526123,0
1.3634694814682007,0
0.46207496523857117,0
0.12840962409973145,0
0.02880803309381008,0
1.079274296760559,0
0.6105242371559143,0
0.6687350273132324,0
0.20611251890659332,0
0.8311125040054321,0
-0.11118189245462418,0
0.46236899495124817,0
-0.16029700636863708,0
-0.1915520876646042,0
1.4633431434631348,1
0.8337430953979492,0
0.744195282459259,0
0.7588752508163452,0
0.25388404726982117,0
1.0069668292999268,0
0.9529258012771606,0
0.41358569264411926,0
0.18515929579734802,0
0.4706922769546509,0
1.0798293352127075,0
0.49139028787612915,0
0.4412948787212372,0
0.9541765451431274,0
0.2743101418018341,0
1.085378885269165,0
0.7805001139640808,0
1.1976301670074463,0
0.484337717294693,0
0.45096728205680847,0
0.5107559561729431,0
1.1795308589935303,0
0.5215241312980652,0
0.8175207376480103,0
0.32561275362968445,0
0.291541188955307,0
0.2771965265274048,0
0.38196951150894165,0
0.26555508375167847,0
0.3033897578716278,0
1.3744025230407715,0
-0.02400824800133705,0
-0.2699727714061737,0
-0.21214056015014648,0
-0.0997442901134491,0
1.618739128112793,1
0.33671629428863525,0
0.5270388722419739,0
0.7076840400695801,0
0.6463937163352966,0
1.1915550231933594,0
0.22463151812553406,0
0.024014225229620934,0
0.292532742023468,0
1.1598167419433594,0
0.8882117867469788,0
0.23690268397331238,0
0.2604505717754364,0
1.02183198928833,0
0.9551130533218384,0
0.6686137914657593,0
1.3383232355117798,0
0.2362620085477829,0
0.3060758411884308,0
0.254546582698822,0
0.5387886166572571,0
0.04943588748574257,0
0.9517537355422974,0
0.11980012059211731,0
0.11152197420597076,0
1.1380120515823364,0
1.0059292316436768,0
0.20893916487693787,0
0.20279665291309357,0
0.5344919562339783,0
1.0212855339050293,0
0.173486590385437,0
-0.1616019755601883,0
-0.09458425641059875,0
-0.1747661679983139,0
1.5593171119689941,1
0.6284797787666321,0
1.2638964653015137,0
0.4618130922317505,0
0.4375075399875641,0
0.21181310713291168,0
1.0137382745742798,0
0.22606709599494934,0
0.5599711537361145,0
0.9880533814430237,0
0.08908078819513321,0
0.22417134046554565,0
-0.17327041923999786,0
-0.21552714705467224,0
-0.0008172409725375473,0
1.535272240638733,1
0.16812826693058014,0
-0.04556180164217949,0
0.02914285659790039,0
0.6476279497146606,0
1.3321311473846436,0
-0.0964057669043541,0
0.03262649103999138,0
0.6535941958427429,0
1.3511748313903809,0
-0.08430898934602737,0
1.2172116041183472,0
0.6850608587265015,0
0.2914910316467285,0
0.5852826237678528,0
0.4818088412284851,0
-0.1581783890724182,0
-0.23162497580051422,0
-0.24758142232894897,0
-0.11382884532213211,0
1.6446657180786133,1
0.18935854732990265,0
1.3285280466079712,0
0.44468963146209717,0
0.30720365047454834,0
0.4783596694469452,0
-0.23890259861946106,0
-0.18693099915981293,0
-0.2518124282360077,0
-0.1286943256855011,0
1.652768850326538,1
0.7107842564582825,0
0.7717598676681519,0
1.1144849061965942,0
0.5825252532958984,0
0.244005486369133,0
-0.025451764464378357,0
0.01615186594426632,0
0.5796919465065002,0
0.3319612443447113,0
1.3323395252227783,0
1.2014837265014648,0
0.8669112324714661,0
0.049067359417676926,0
-0.025282083079218864,0
0.15594467520713806,0
0.4811638295650482,0
0.9729082584381104,0
0.1096634566783905,0
1.0590533018112183,0
0.26041722297668457,0
1.2897189855575562,0
0.2646001875400543,0
0.6753265857696533,0
0.27987512946128845,0
0.19840875267982483,0
0.6876734495162964,0
1.1082946062088013,0
0.4676561951637268,0
0.3403913080692291,0
0.8623930215835571,0
-0.10026821494102478,0
-0.20956411957740784,0
-0.22049370408058167,0
0.3294372260570526,0
1.5184617042541504,1
0.7024010419845581,0
0.3494947850704193,0
1.1561377048492432,0
0.7646786570549011,0
0.3643227815628052,0
0.5055572986602783,0
0.7298843264579773,0
1.1411504745483398,0
0.43078160285949707,0
0.7946898937225342,0
-0.18584242463111877,0
-0.07780124247074127,0
-0.21789060533046722,0
-0.20575113594532013,0
1.6358047723770142,1
0.6190084218978882,0
1.3497776985168457,0
0.019008401781320572,0
0.07285455614328384,0
0.11131609231233597,0
-0.17835380136966705,0
1.5449879169464111,0
-0.1909482479095459,0
0.239362433552742,0
-0.10908427089452744,0
-0.1930803805589676,0
-0.011457695625722408,0
-0.24655011296272278,0
-0.1009613573551178,0
1.6123944520950317,1
1.069196105003357,0
0.18977637588977814,0
0.07644908875226974,0
1.0215986967086792,0
-0.0006134642171673477,0
0.8976384997367859,0
0.811760663986206,0
1.0312262773513794,0
0.8690125346183777,0
0.964432418346405,0
1.2737828493118286,0
0.14509090781211853,0
0.07476742565631866,0
0.7569052577018738,0
0.04663802683353424,0
-0.23111844062805176,0
-0.2100919932126999,0
-0.10523498803377151,0
-0.2509889602661133,0
1.6508033275604248,1
0.3177169859409332,0
0.3469344675540924,0
-0.07989479601383209,0
-0.04686634615063667,0
1.4203592538833618,0
0.19595496356487274,0
0.7866860628128052,0
1.1946494579315186,0
0.3950411379337311,0
0.478265643119812,0
0.05544532462954521,0
1.2932701110839844,0
0.17719857394695282,0
0.6236271262168884,0
0.40852975845336914,0
-0.17421506345272064,0
-0.22523082792758942,0
-0.230246901512146,0
-0.20362749695777893,0
1.6581910848617554,1
-0.021317623555660248,0
1.1054766178131104,0
0.0528450533747673,0
1.000213384628296,0
-0.018925277516245842,0
-0.24742764234542847,0
-0.12200958281755447,0
-0.08960992097854614,0
-0.14207647740840912,0
1.623600721359253,1
-0.12836621701717377,0
1.4964241981506348,0
0.3448330760002136,0
-0.05298933759331703,0
-0.12836621701717377,0
0.8180853724479675,0
0.9855308532714844,0
0.940748929977417,0
0.7947208881378174,0
0.4890355169773102,0
-0.2793223261833191,0
-0.16608354449272156,0
-0.19448328018188477,0
-0.14432069659233093,0
1.6494929790496826,1
