-9.117290496826172,0
-1.61729097366333,0
-14.117290496826172,0
3.38270902633667,0
-19.117290496826172,0
0.22963333129882812,0
1.0629667043685913,0
0.9240778088569641,0
0.5074111223220825,0
-0.04814446344971657,0
-0.35043865442276,0
-5.350438117980957,0
-2.8504385948181152,0
2.1495614051818848,0
-2.8504385948181152,0
0.9664017558097839,0
0.31163981556892395,0
0.7878302931785583,0
0.9664017558097839,0
0.5497350096702576,0
0.7544853687286377,0
1.2950258255004883,0
0.011242144741117954,0
-0.2590281069278717,0
-0.12389298528432846,0
-0.5002695918083191,0
-0.5964234471321106,0
-0.45219266414642334,0
1.8074226379394531,0
-0.4041157364845276,0
1.2728488445281982,0
0.5328487753868103,0
0.49284881353378296,0
0.33284881711006165,0
0.5328487753868103,0
0.07054223865270615,0
0.26284992694854736,0
0.26284992694854736,0
-0.5063808560371399,0
1.4166960716247559,0
1.6619369983673096,1
-0.20691734552383423,0
-0.21547994017601013,0
-0.2243187427520752,0
-0.2110605388879776,0
1.043309211730957,0
0.9636914134025574,0
0.10381878167390823,0
0.23120731115341187,0
0.5496786832809448,0
0.33901241421699524,0
0.012925448827445507,0
0.7194471955299377,0
0.012925448827445507,0
1.262925386428833,0
1.6508233547210693,1
-0.1571536511182785,0
-0.26671895384788513,0
-0.14222648739814758,0
-0.2276098132133484,0
0.6824218034744263,0
0.6824218034744263,0
1.0990885496139526,0
-0.01202265452593565,0
-0.2898004353046417,0
-0.14363643527030945,0
-0.03725346177816391,0
0.33508697152137756,0
-0.30321091413497925,0
1.5052998065948486,0
1.1146584749221802,0
0.03870909661054611,0
0.5450382232666016,0
0.8614939451217651,0
0.26022809743881226,0
1.661564588546753,1
-0.21703508496284485,0
-0.21449415385723114,0
-0.20150713622570038,0
-0.22211696207523346,0
1.6556274890899658,1
-0.1785062700510025,0
-0.17424534261226654,0
-0.21607986092567444,0
-0.24861782789230347,0
1.0697622299194336,0
0.6679765582084656,0
0.891190767288208,0
0.8465479016304016,0
0.6233336925506592,0
1.6566882133483887,1
-0.2621510922908783,0
-0.18879012763500214,0
-0.17133620381355286,0
-0.20460772514343262,0
1.0807712078094482,0
0.6000019311904907,0
0.9365403652191162,0
0.5038480758666992,0
0.672117292881012,0
1.657454490661621,1
-0.17845813930034637,0
-0.21912458539009094,0
-0.18990790843963623,0
-0.24123451113700867,0
1.6548597812652588,1
-0.2250693142414093,0
-0.2582992613315582,0
-0.15927401185035706,0
-0.17367365956306458,0
1.0757609605789185,0
0.24242770671844482,0
0.24242770671844482,0
0.42761290073394775,0
0.9831684231758118,0
-0.9189410209655762,0
1.9071459770202637,0
-1.245028018951416,0
-0.48415839672088623,0
-0.48415839672088623,0
1.3986185789108276,0
0.30013367533683777,0
0.41377004981040955,0
0.07286093384027481,0
-0.04077542945742607,0
1.6572831869125366,1
-0.18367086350917816,0
-0.16885291039943695,0
-0.24435390532016754,0
-0.2334168404340744,0
1.4133530855178833,0
0.4959218502044678,0
0.1289493590593338,0
-0.12334421277046204,0
-0.16921576857566833,0
0.683380126953125,0
1.0306023359298706,0
0.5444912314414978,0
0.9611579179763794,0
0.3361578583717346,0
1.0361281633377075,0
0.2296765148639679,0
0.9070958495140076,0
0.34257975220680237,0
0.7296764850616455,0
1.6610651016235352,1
-0.23228202760219574,0
-0.20941729843616486,0
-0.1998288631439209,0
-0.21052366495132446,0
-0.10385773330926895,0
0.36125853657722473,0
1.1752119064331055,0
0.18683992326259613,0
0.8263747692108154,0
0.020978417247533798,0
0.5806799530982971,0
0.26351574063301086,0
1.3456053733825684,0
-0.09096188843250275,0
0.30147069692611694,0
1.4807158708572388,0
0.06562165170907974,0
-0.028717966750264168,0
-0.028717966750264168,0
1.0802408456802368,0
0.19788794219493866,0
1.006711483001709,0
0.19788794219493866,0
0.19788794219493866,0
0.39175763726234436,0
1.0656707286834717,0
0.6308881044387817,0
0.6961054801940918,0
0.9134967923164368,0
0.3282574415206909,0
-0.6092425584793091,0
-0.2967425584793091,0
-0.6092425584793091,0
1.5782573223114014,0
1.5060758590698242,0
-0.18747277557849884,0
0.054462727159261703,0
0.1351078897714615,0
0.1351078897714615,0
-0.10124891996383667,0
-0.02060374990105629,0
1.632622241973877,0
-0.3028618395328522,0
-0.3431844115257263,0
0.9117094874382019,0
0.6736142039299011,0
1.030757188796997,0
0.6736142039299011,0
0.9117094874382019,0
0.6578401327133179,0
0.12212583422660828,0
0.4346258342266083,0
1.0596258640289307,0
0.8810544013977051,0
0.2537792921066284,0
-0.09458135068416595,0
-0.23802398145198822,0
-0.2175321727991104,0
1.5447628498077393,0
1.6560947895050049,1
-0.1587200164794922,0
-0.26242372393608093,0
-0.20739726722240448,0
-0.19549250602722168,0
0.9748512506484985,0
0.7825435400009155,0
0.15754354000091553,0
0.878697395324707,0
0.5902358293533325,0
-0.23057807981967926,0
0.3754825294017792,0
1.3603310585021973,0
-0.0033053485676646233,0
0.4512401223182678,0
1.1123480796813965,0
0.6435981392860413,0
0.018598102033138275,0
0.17484810948371887,0
0.7998481392860413,0
0.5721733570098877,0
1.0930067300796509,0
0.4680067300796509,0
0.8846733570098877,0
0.1555067002773285,0
1.4377543926239014,0
0.2630556523799896,0
0.05221228674054146,0
0.05221228674054146,0
0.29317614436149597,0
1.198922872543335,0
-0.10542497038841248,0
0.7641403079032898,0
0.43805330991744995,0
0.0032706884667277336,0
0.6150408983230591,0
1.350334882736206,0
0.1003350168466568,0
0.026805609464645386,0
0.1003350168466568,0
1.7759288549423218,0
-0.06617646664381027,0
-0.4609133303165436,0
-0.9872291088104248,0
-0.8556501865386963,0
0.33981698751449585,0
0.49606698751449585,0
0.9257544279098511,0
1.003879427909851,0
0.8085669279098511,0
1.6518962383270264,1
-0.23438437283039093,0
-0.23644877970218658,0
-0.23055046796798706,0
-0.10403164476156235,0
1.6542396545410156,1
-0.18825486302375793,0
-0.14854760468006134,0
-0.22367995977401733,0
-0.25054076313972473,0
1.4316837787628174,0
-0.11436896026134491,0
-0.14726369082927704,0
0.5106310844421387,0
-0.04857948049902916,0
1.6591243743896484,1
-0.17341426014900208,0
-0.1921866089105606,0
-0.23032724857330322,0
-0.24671581387519836,0
1.6543986797332764,1
-0.24302025139331818,0
-0.23176942765712738,0
-0.2062896192073822,0
-0.13349014520645142,0
0.221925750374794,0
-0.129636749625206,0
0.026613250374794006,0
1.4719257354736328,0
0.221925750374794,0
0.7568268179893494,0
0.49366891384124756,0
0.4748719334602356,0
0.9259997010231018,0
1.057578682899475,0
2.8504385948181152,0
7.850438117980957,0
5.350438117980957,0
2.8504385948181152,0
0.35043865442276,0
0.3217093348503113,0
0.7887422442436218,0
0.8436872959136963,0
0.761269748210907,0
1.0085225105285645,0
0.23218834400177002,0
1.4186290502548218,0
0.23218834400177002,0
-0.06442183256149292,0
0.31693410873413086,0
1.6606732606887817,1
-0.21665774285793304,0
-0.19043396413326263,0
-0.2355971336364746,0
-0.2073337286710739,0
1.6526380777359009,1
-0.15683697164058685,0
-0.1615666002035141,0
-0.24197019636631012,0
-0.24039365351200104,0
1.658868432044983,1
-0.22506016492843628,0
-0.21219252049922943,0
-0.1622975468635559,0
-0.24134168028831482,0
-0.15232031047344208,0
1.4434244632720947,0
-0.418277770280838,0
-0.045937325805425644,0
0.4859775900840759,0
1.658442735671997,1
-0.20956870913505554,0
-0.16574881970882416,0
-0.24998877942562103,0
-0.2125907689332962,0
0.4461839497089386,0
0.35359135270118713,0
1.2980358600616455,0
0.13136912882328033,0
0.5572950839996338,0
0.1464466154575348,0
1.1464465856552124,0
0.6464465856552124,0
0.6464465856552124,0
0.6464465856552124,0
1.5129871368408203,0
0.1894576996564865,0
0.042398884892463684,0
-0.2517187297344208,0
0.042398884892463684,0
0.3418627977371216,0
-0.01528007723391056,0
1.0561485290527344,0
-0.3724229633808136,0
0.9371009469032288,0
0.8574279546737671,0
0.3105529546737671,0
0.3886779546737671,0
0.8574279546737671,0
1.013677954673767,0
0.6010102033615112,0
1.2260102033615112,0
0.44476020336151123,0
0.6530935168266296,0
0.2624685764312744,0
0.03034266084432602,0
1.2498549222946167,0
-0.15258416533470154,0
-0.15258416533470154,0
0.8230255842208862,0
1.526510238647461,0
-0.22348982095718384,0
-0.22348982095718384,0
0.15151017904281616,0
0.15151017904281616,0
1.6611500978469849,1
-0.194295734167099,0
-0.23967650532722473,0
-0.20831581950187683,0
-0.2112674117088318,0
1.6507405042648315,1
-0.25904572010040283,0
-0.13915856182575226,0
-0.15489035844802856,0
-0.24087278544902802,0
0.7772206664085388,0
0.32924380898475647,0
0.4882033169269562,0
1.0228854417800903,0
0.921729326248169,0
0.41198596358299255,0
0.5772752165794373,0
1.1557875871658325,0
0.4533082842826843,0
0.8458702564239502,0
0.529029130935669,0
0.654029130935669,0
1.091529130935669,0
0.716529130935669,0
0.904029130935669,0
0.7870902419090271,0
0.09478253871202469,0
0.4409363865852356,0
1.1717056035995483,0
0.4793979525566101,0
1.2685840129852295,0
0.39020562171936035,0
0.6604759097099304,0
0.2550705075263977,0
-0.01519976370036602,0
0.7142261862754822,0
1.0475594997406006,0
0.44755953550338745,0
0.9475595355033875,0
0.4142262041568756,0
0.4834635257720947,0
0.6578820943832397,0
0.9776495695114136,0
0.9776495695114136,0
0.8323007225990295,0
0.8313542604446411,0
0.4424653649330139,0
1.1646876335144043,0
0.16468758881092072,0
0.4424653649330139,0
1.6527384519577026,1
-0.16076414287090302,0
-0.2370416224002838,0
-0.2595307230949402,0
-0.1482444405555725,0
1.6571168899536133,1
-0.19006410241127014,0
-0.20709894597530365,0
-0.18292047083377838,0
-0.24611422419548035,0
0.7840611934661865,0
0.6971046924591064,0
1.1318873167037964,0
0.2623220682144165,0
0.5014525055885315,0
-0.0176007729023695,0
0.7534273266792297,0
0.216044083237648,0
1.2207170724868774,0
0.4029599726200104,0
1.0028724670410156,0
0.7159872651100159,0
0.4905773997306824,0
0.7979544401168823,0
0.9618889093399048,0
0.49564504623413086,0
-0.09757531434297562,0
0.008356894366443157,0
1.4278484582901,0
-0.0763888731598854,0
1.6584193706512451,1
-0.24576745927333832,0
-0.1842307597398758,0
-0.18595609068870544,0
-0.22017508745193481,0
1.677526831626892,0
-0.19222116470336914,0
-0.23423796892166138,0
-0.3602883815765381,0
-0.21322956681251526,0
1.6609746217727661,1
-0.22226329147815704,0
-0.23014295101165771,0
-0.18393950164318085,0
-0.21617446839809418,0
0.7345796823501587,0
0.6325388550758362,0
1.0024367570877075,0
0.7600898742675781,0
1.015191912651062,0
1.2138328552246094,0
0.15405023097991943,0
0.2627458870410919,0
0.8062241673469543,0
0.3442676365375519,0
1.6548100709915161,1
-0.1912604123353958,0
-0.22334404289722443,0
-0.24785737693309784,0
-0.151606485247612,0
0.32515037059783936,0
-0.07807547599077225,0
-0.561946451663971,0
-0.642591655254364,0
1.5348278284072876,0
1.393219232559204,0
0.23250490427017212,0
0.05393347516655922,0
-0.3924950957298279,0
0.4110763370990753,0
0.9557743072509766,0
0.3579481542110443,0
1.0101221799850464,0
0.14055682718753815,0
0.6568611860275269,0
1.6596055030822754,1
-0.21779435873031616,0
-0.1948634684085846,0
-0.19113053381443024,0
-0.23912541568279266,0
1.1306935548782349,0
-1.3693064451217651,0
-1.3693064451217651,0
-1.3693064451217651,0
1.1306935548782349,0
1.336445689201355,0
0.28381407260894775,0
0.086445651948452,0
0.18512986600399017,0
0.5798667669296265,0
1.658905029296875,1
-0.2299211621284485,0
-0.2011401206254959,0
-0.23274283111095428,0
-0.17518074810504913,0
0.48397108912467957,0
1.265221118927002,0
0.09334608912467957,0
0.640221118927002,0
0.24959608912467957,0
0.28101280331611633,0
0.5042271018028259,0
0.013155639171600342,0
-0.009165789932012558,0
1.374762773513794,0
0.42685559391975403,0
0.23454789817333221,0
0.23454789817333221,0
0.6191632747650146,0
1.2922402620315552,0
0.40418124198913574,0
0.3041812479496002,0
1.4041813611984253,0
0.004181242082268,0
-0.09581875801086426,0
1.654074788093567,1
-0.23827002942562103,0
-0.24013257026672363,0
-0.20730522274971008,0
-0.12814711034297943,0
-0.18092460930347443,0
0.22723866999149323,0
-0.11289739608764648,0
0.21023187041282654,0
1.4857420921325684,0
-0.04225590080022812,0
0.3423594534397125,0
-0.10635846108198166,0
1.4321030378341675,0
0.278256893157959,0
1.648348093032837,1
-0.13370315730571747,0
-0.25706496834754944,0
-0.24566896259784698,0
-0.1433897614479065,0
0.5016887784004211,0
0.23383162915706635,0
0.8141887187957764,0
1.1713316440582275,0
0.09990304708480835,0
0.6100578904151917,0
0.5013622641563416,0
0.6100578904151917,0
1.1535362005233765,0
0.8274492025375366,0
1.6607255935668945,1
-0.2314491868019104,0
-0.18726694583892822,0
-0.2053995430469513,0
-0.22659680247306824,0
0.3491951525211334,0
1.192945122718811,0
0.13044515252113342,0
0.661695122718811,0
0.661695122718811,0
-0.4539591073989868,0
-0.09681624919176102,0
1.3317551612854004,0
0.260326623916626,0
-1.882530689239502,0
0.6025139093399048,0
1.250662088394165,0
0.5099213123321533,0
0.5099213123321533,0
0.5099213123321533,0
-2.8504385948181152,0
-0.35043865442276,0
2.1495614051818848,0
-5.350438117980957,0
-2.8504385948181152,0
2.8504385948181152,0
7.850438117980957,0
0.35043865442276,0
5.350438117980957,0
2.8504385948181152,0
7.838857173919678,0
6.588857173919678,0
-0.9111431241035461,0
2.8388569355010986,0
9.088857650756836,0
0.33109810948371887,0
0.17484810948371887,0
0.9560981392860413,0
0.17484810948371887,0
1.1123480796813965,0
1.6569279432296753,1
-0.24686378240585327,0
-0.16809368133544922,0
-0.23572732508182526,0
-0.1781436651945114,0
0.8453204035758972,0
0.9390704035758972,0
0.5953204035758972,0
0.8453204035758972,0
1.0015703439712524,0
0.1636980175971985,0
-0.08630198240280151,0
-0.08630198240280151,0
0.9136980175971985,0
1.1636979579925537,0
1.653691053390503,1
-0.249531552195549,0
-0.21372491121292114,0
-0.12197038531303406,0
-0.22789837419986725,0
1.6587395668029785,1
-0.21825066208839417,0
-0.21963512897491455,0
-0.23694096505641937,0
-0.1642564833164215,0
0.9256088733673096,0
0.38989460468292236,0
1.1041803359985352,0
0.5684660077095032,0
0.38989460468292236,0
-0.3288871645927429,0
0.5894801616668701,0
1.3037657737731934,0
-0.3288871645927429,0
0.33437809348106384,0
0.69098299741745,0
-0.55901700258255,0
0.69098299741745,0
0.69098299741745,0
0.69098299741745,0
0.3751664161682129,0
0.022602325305342674,0
1.4328587055206299,0
0.054653603583574295,0
0.18285872042179108,0
1.6498996019363403,1
-0.24979719519615173,0
-0.12872569262981415,0
-0.15767256915569305,0
-0.25393247604370117,0
1.6582410335540771,1
-0.18522588908672333,0
-0.19411981105804443,0
-0.2046308070421219,0
-0.25071749091148376,0
0.8431360721588135,0
0.9713411927223206,0
0.33031556010246277,0
0.8431360721588135,0
0.7790335416793823,0
1.3073155879974365,0
-0.0051844120025634766,0
-0.13018441200256348,0
0.5573155879974365,0
0.4323155879974365,0
0.9297631978988647,0
0.5404189825057983,0
0.6018943786621094,0
0.642877995967865,0
1.0936976671218872,0
0.5644147396087646,0
0.5644147396087646,0
0.3371420204639435,0
1.2462329864501953,0
0.5644147396087646,0
0.09599117934703827,0
0.9141730070114136,0
0.45962756872177124,0
0.4141730070114136,0
1.0959911346435547,0
0.9629141092300415,0
0.6057712435722351,0
-0.10851447284221649,0
0.9629141092300415,0
0.2486283928155899,0
0.1946071833372116,0
-0.04732832312583923,0
0.9607362747192383,0
1.081704020500183,0
0.3558975160121918,0
0.1594875156879425,0
0.35948750376701355,0
0.559487521648407,0
0.809487521648407,0
1.1594876050949097,0
0.5574728846549988,0
1.0527558326721191,0
0.5574728846549988,0
0.9348313808441162,0
0.20369933545589447,0
1.223143458366394,0
-0.20542800426483154,0
0.15171486139297485,0
0.24100057780742645,0
0.7767148613929749,0
0.05227414146065712,0
0.05227414146065712,0
-0.2695080041885376,0
1.5621750354766846,0
-0.09624069929122925,0
0.594999372959137,0
0.12624938786029816,0
0.12624938786029816,0
1.3241660594940186,0
0.33458271622657776,0
0.9904894232749939,0
-0.2595105767250061,0
0.1869180053472519,0
1.079775094985962,0
-0.0809391513466835,0
0.959145724773407,0
0.44632524251937866,0
0.766838014125824,0
1.023248314857483,0
0.5104277729988098,0
1.6586557626724243,1
-0.16865800321102142,0
-0.22396273910999298,0
-0.22358651459217072,0
-0.22095295786857605,0
1.6605033874511719,1
-0.21338312327861786,0
-0.1977929323911667,0
-0.23370607197284698,0
-0.20336085557937622,0
1.1057895421981812,0
0.2327737659215927,0
0.9470593929290771,0
0.4311864376068115,0
0.2724562883377075,0
0.8101612329483032,0
1.1396186351776123,0
0.3062852919101715,0
0.5194635987281799,0
0.6551225185394287,0
1.3034696578979492,0
-0.0033484804444015026,0
0.7352878451347351,0
-0.17380301654338837,0
-0.0033484804444015026,0
0.6464465856552124,0
0.1464466154575348,0
0.6464465856552124,0
0.6464465856552124,0
1.1464465856552124,0
0.5653534531593323,0
1.2068008184432983,0
0.35153764486312866,0
0.7133798003196716,0
0.5489060878753662,0
-0.6246898770332336,0
-0.4776310622692108,0
0.1596238613128662,0
-0.8207682967185974,0
1.6792316436767578,0
1.2767667770385742,0
0.5949486494064331,0
0.02676687389612198,0
-0.0868694856762886,0
0.4813123047351837,0
1.65377676486969,1
-0.1806800663471222,0
-0.22749654948711395,0
-0.2563354969024658,0
-0.14547407627105713,0
1.4537043571472168,0
0.22643154859542847,0
0.2946133613586426,0
-0.046295732259750366,0
-0.000841184111777693,0
5.85410213470459,0
5.85410213470459,0
0.8541020750999451,0
8.35410213470459,0
0.8541020750999451,0
0.08122996240854263,0
1.5812299251556396,0
0.009801387786865234,0
-0.27591291069984436,0
-0.27591291069984436,0
0.06414592266082764,0
0.8141459226608276,0
-2.185853958129883,0
0.5641459226608276,0
-0.18585407733917236,0
1.6593618392944336,1
-0.22284378111362457,0
-0.1841605305671692,0
-0.2383929193019867,0
-0.19629643857479095,0
0.13689246773719788,0
0.25052881240844727,0
0.25052881240844727,0
0.5914378762245178,0
1.3300741910934448,0
1.6487503051757812,1
-0.22801709175109863,0
-0.2675583064556122,0
-0.10965530574321747,0
-0.17931069433689117,0
0.2643132507801056,0
0.5229339599609375,0
0.20684199035167694,0
0.4079914093017578,0
1.3275315761566162,0
1.6520555019378662,1
-0.16037163138389587,0
-0.23283539712429047,0
-0.2524089515209198,0
-0.15245892107486725,0
1.6543869972229004,1
-0.1501782238483429,0
-0.1719173640012741,0
-0.24039562046527863,0
-0.2525695264339447,0
0.19914312660694122,0
-0.06681432574987411,0
0.03956865891814232,0
1.422547459602356,0
0.4119091033935547,0
0.1271630823612213,0
0.7293528914451599,0
0.07241854816675186,0
1.2585500478744507,0
0.34614118933677673,0
0.5112957954406738,0
1.2643078565597534,0
0.17997054755687714,0
0.6317777037620544,0
0.30045247077941895,0
-0.8228756189346313,0
1.6771243810653687,0
0.17712438106536865,0
-1.8228756189346313,0
-0.8228756189346313,0
-0.13492228090763092,0
0.39324674010276794,0
-0.09971101582050323,0
1.4847960472106934,0
-0.13492228090763092,0
1.6510801315307617,1
-0.2321569323539734,0
-0.13294176757335663,0
-0.2558501064777374,0
-0.1729239970445633,0
0.7452768087387085,0
-0.30735480785369873,0
-0.04419690743088722,0
0.7452768087387085,0
1.0084346532821655,0
1.0723061561584473,0
0.2768515944480896,0
0.9586697816848755,0
0.5041242837905884,0
0.16321523487567902,0
0.5217670202255249,0
0.021766996011137962,0
1.4217671155929565,0
-0.17823301255702972,0
-0.17823301255702972,0
-0.12202004343271255,0
-1.3720200061798096,0
-0.5386866927146912,0
-0.5386866927146912,0
1.7529798746109009,0
1.1579424142837524,0
0.5447349548339844,0
0.8041688799858093,0
0.5683198571205139,0
0.28530099987983704,0
0.6398162841796875,0
0.2826734185218811,0
0.3719591200351715,0
0.9076734185218811,0
1.086244821548462,0
1.657531976699829,1
-0.22839339077472687,0
-0.17115870118141174,0
-0.2543322741985321,0
-0.1793350875377655,0
0.29266244173049927,0
0.15567612648010254,0
0.8406075835227966,0
1.1145801544189453,0
0.6351281404495239,0
1.6521800756454468,1
-0.24480892717838287,0
-0.2588708996772766,0
-0.16540008783340454,0
-0.13534604012966156,0
-2.041475534439087,0
-4.541475296020508,0
2.958524465560913,0
-9.541475296020508,0
-4.541475296020508,0
0.5462977886199951,0
0.7454127669334412,0
0.3029349446296692,0
0.6569172143936157,0
1.165766716003418,0
-0.7987620234489441,0
-0.3820953667163849,0
0.24290461838245392,0
0.8679046034812927,0
1.0762379169464111,0
-0.08393692225217819,0
0.7493964433670044,0
1.3049521446228027,0
-0.08393692225217819,0
-0.08393692225217819,0
0.2554633319377899,0
0.7668269276618958,0
1.1077359914779663,0
0.2554633319377899,0
0.7668269276618958,0
-0.05883762240409851,0
0.3875909745693207,0
1.4768767356872559,0
-0.1838376224040985,0
-0.04098047688603401,0
0.5104993581771851,0
1.1771659851074219,0
-0.32283398509025574,0
0.6771659851074219,0
-0.32283398509025574,0
0.9808075428009033,0
0.6683075428009033,0
0.7129504084587097,0
0.4897361397743225,0
1.0254504680633545,0
1.6590206623077393,1
-0.253482460975647,0
-0.18949764966964722,0
-0.21154025197029114,0
-0.18643616139888763,0
0.27511924505233765,0
1.3022509813308716,0
0.46891769766807556,0
0.46891769766807556,0
0.46891769766807556,0
0.38480114936828613,0
1.1467058658599854,0
0.33718210458755493,0
0.7895630598068237,0
0.6943249702453613,0
0.5414547324180603,0
0.49043428897857666,0
0.5414547324180603,0
0.5414547324180603,0
1.2557404041290283,0
0.5726132988929749,0
0.22050058841705322,0
0.6078245639801025,0
0.4669794738292694,0
1.2416273355484009,0
1.6559765338897705,1
-0.19401182234287262,0
-0.2630499601364136,0
-0.1951819509267807,0
-0.16973145306110382,0
-0.10196510702371597,0
0.16119280457496643,0
1.4769823551177979,0
0.16119280457496643,0
0.16119280457496643,0
0.5254631042480469,0
-0.07453689724206924,0
-0.17453689873218536,0
1.425463080406189,0
-0.07453689724206924,0
0.8820439577102661,0
0.6605249643325806,0
0.8820439577102661,0
1.0086262226104736,0
0.439005970954895,0
-0.5239973664283752,0
0.5871137976646423,0
1.4204471111297607,0
-0.31566402316093445,0
-0.17677512764930725,0
1.6588586568832397,1
-0.21357698738574982,0
-0.228597491979599,0
-0.16888178884983063,0
-0.22786478698253632,0
1.0148552656173706,0
0.3989132046699524,0
0.18152190744876862,0
0.9786233901977539,0
0.6163045167922974,0
0.5396056175231934,0
0.19869652390480042,0
1.3350601196289062,0
0.14187833666801453,0
0.3691510558128357,0
0.10861263424158096,0
1.1211127042770386,0
0.8586126565933228,0
0.3336126506328583,0
0.5586126446723938,0
-0.05392357334494591,0
0.35305315256118774,0
1.1088670492172241,0
0.062355492264032364,0
0.9344484210014343,0
1.0723532438278198,0
0.2102843075990677,0
0.2102843075990677,0
0.8999394774436951,0
0.6413187384605408,0
1.6510772705078125,1
-0.2743549942970276,0
-0.19150197505950928,0
-0.157730370759964,0
-0.16853727400302887,0
-0.19709134101867676,0
0.28677964210510254,0
0.04484415426850319,0
-0.03580101206898689,0
1.4964572191238403,0
1.6598347425460815,1
-0.24458029866218567,0
-0.20203852653503418,0
-0.21430282294750214,0
-0.18440860509872437,0
1.6599364280700684,1
-0.21276143193244934,0
-0.223075270652771,0
-0.19250211119651794,0
-0.21533989906311035,0
1.4384472370147705,0
-2.5615527629852295,0
-2.5615527629852295,0
0.9384472370147705,0
-2.5615527629852295,0
1.6579527854919434,1
-0.17737720906734467,0
-0.20442773401737213,0
-0.2578042149543762,0
-0.1947668343782425,0
1.086987018585205,0
0.8466023802757263,0
0.7023715972900391,0
0.6302562355995178,0
0.31775620579719543,0
0.012960036285221577,0
1.4481452703475952,0
0.19814521074295044,0
0.10555262863636017,0
0.2907378077507019,0
0.411161333322525,0
0.9414644241333008,0
0.03237345069646835,0
0.03237345069646835,0
1.0929795503616333,0
-0.3298351764678955,0
0.027307698503136635,0
1.4558792114257812,0
0.027307698503136635,0
0.3844505548477173,0
1.6537208557128906,1
-0.2071261703968048,0
-0.2434983253479004,0
-0.23968511819839478,0
-0.12294219434261322,0
0.6786713600158691,0
0.7648782134056091,0
1.0234988927841187,0
-0.35581132769584656,0
-0.1833975613117218,0
1.6482508182525635,1
-0.2375318557024002,0
-0.115327388048172,0
-0.2582986354827881,0
-0.16804304718971252,0
0.25082868337631226,0
0.07225726544857025,0
0.38475728034973145,0
0.11690012365579605,0
1.4115430116653442,0
0.2785498797893524,0
-0.27700570225715637,0
0.8341054320335388,0
-0.13811682164669037,0
1.1813277006149292,0
1.6611415147781372,1
-0.2205325961112976,0
-0.20580324530601501,0
-0.22544237971305847,0
-0.20058660209178925,0
0.3291047215461731,0
0.8201761245727539,0
0.9764261245727539,0
0.7308903932571411,0
0.8871403932571411,0
1.6588160991668701,1
-0.19507157802581787,0
-0.23729638755321503,0
-0.21982406079769135,0
-0.1852433830499649,0
0.11079473048448563,0
1.4243539571762085,0
0.40740489959716797,0
-0.037510354071855545,0
0.15316762030124664,0
0.707358181476593,0
0.9156915545463562,0
1.0198582410812378,0
0.4990248680114746,0
0.18652485311031342,0
0.35127153992652893,0
0.31606027483940125,0
0.456905335187912,0
1.3019758462905884,0
0.5449334979057312,0
0.954439103603363,0
0.8022651672363281,0
0.889221727848053,0
0.693569540977478,0
0.23704782128334045,0
0.9267052412033081,0
0.5024628043174744,0
0.547917366027832,0
1.093371868133545,0
0.6539779901504517,0
1.652692198753357,1
-0.250898152589798,0
-0.15736977756023407,0
-0.15049922466278076,0
-0.2462438941001892,0
0.6032754778862,0
1.2678323984146118,0
0.5188872814178467,0
0.3606594502925873,0
0.4134020507335663,0
1.6533846855163574,1
-0.1804022639989853,0
-0.2684996724128723,0
-0.1845613718032837,0
-0.171705961227417,0
-0.1876714527606964,0
1.442763328552246,0
-0.8398453593254089,0
0.355806827545166,0
0.02971986122429371,0
1.167056679725647,0
0.2974914014339447,0
0.08010009676218033,0
0.8409696817398071,0
-0.24598687887191772,0
0.701854407787323,0
1.3268544673919678,0
-0.048145592212677,0
-0.298145592212677,0
-0.048145592212677,0
1.6611254215240479,1
-0.21005889773368835,0
-0.20327556133270264,0
-0.22803474962711334,0
-0.21073724329471588,0
0.035428259521722794,0
-0.2423495203256607,0
-0.3534606397151947,0
1.646539330482483,0
-0.3534606397151947,0
1.6598960161209106,1
-0.22283819317817688,0
-0.18664859235286713,0
-0.24180853366851807,0
-0.19452859461307526,0
1.6536924839019775,1
-0.27101200819015503,0
-0.19478896260261536,0
-0.17044396698474884,0
-0.17218288779258728,0
1.6541904211044312,1
-0.21328561007976532,0
-0.12224427610635757,0
-0.2381150722503662,0
-0.2431311160326004,0
0.13588935136795044,0
0.4599634110927582,0
0.3673708438873291,0
1.3395930528640747,0
0.3673708438873291,0
0.5125023126602173,0
0.6261386275291443,0
0.5125023126602173,0
0.7397750020027161,0
1.1943204402923584,0
0.9191184043884277,0
0.13083010911941528,0
1.1218210458755493,0
0.42362290620803833,0
0.24344271421432495,0
-3.7914376258850098,0
-6.29143762588501,0
3.7085623741149902,0
-3.7914376258850098,0
-3.7914376258850098,0
1.6463823318481445,1
-0.15080435574054718,0
-0.11624775826931,0
-0.26201823353767395,0
-0.23938608169555664,0
0.11085006594657898,0
-0.27647387981414795,0
0.005216262768954039,0
-0.06520627439022064,0
1.5545120239257812,0
0.09973704069852829,0
1.5631515979766846,0
-0.16449059545993805,0
-0.0018889729399234056,0
-0.16449059545993805,0
0.7851662635803223,0
0.34614187479019165,0
1.1144345998764038,0
0.6510199308395386,0
0.7241906523704529,0
1.6593950986862183,1
-0.18990014493465424,0
-0.1986198127269745,0
-0.2044329196214676,0
-0.24948450922966003,0
-1.8708287477493286,0
1.1291712522506714,0
1.1291712522506714,0
-2.870828628540039,0
-1.8708287477493286,0
0.6006487607955933,0
0.827921450138092,0
0.5482012033462524,0
0.4957536458969116,0
1.1600892543792725,0
1.4692920446395874,0
0.1089978888630867,0
0.29282140731811523,0
-0.07482562959194183,0
0.072233185172081,0
1.6612606048583984,1
-0.21046143770217896,0
-0.20740199089050293,0
-0.22313626110553741,0
-0.211772620677948,0
-0.40060460567474365,0
-0.27560460567474365,0
1.4743953943252563,0
0.47439539432525635,0
-0.15060460567474365,0
1.1366385221481323,0
0.08400694280862808,0
0.21558590233325958,0
0.8734806180000305,0
0.4787437915802002,0
0.2788194715976715,0
1.1998721361160278,0
0.4103984236717224,0
0.8051353096961975,0
0.4103984236717224,0
1.5405101776123047,0
-0.04282315820455551,0
0.24884352087974548,0
-0.2928231656551361,0
-0.2094898223876953,0
1.2639669179916382,0
0.4306336045265198,0
-0.40269970893859863,0
-2.069366216659546,0
-0.40269970893859863,0
0.5522230267524719,0
0.6384299397468567,0
0.46601614356040955,0
0.7533724308013916,0
1.1844068765640259,0
1.6538290977478027,1
-0.18047869205474854,0
-0.2642524242401123,0
-0.1450575739145279,0
-0.22180332243442535,0
1.6606906652450562,1
-0.21867910027503967,0
-0.18241697549819946,0
-0.21607032418251038,0
-0.23354919254779816,0
0.9190757870674133,0
1.1274091005325317,0
0.0857425183057785,0
0.2940758466720581,0
-0.1225908100605011,0
1.643507957458496,1
-0.13889126479625702,0
-0.10350432991981506,0
-0.2540438175201416,0
-0.25839468836784363,0
0.21195711195468903,0
0.21195711195468903,0
0.6697036027908325,0
1.1802669763565063,0
0.7049148678779602,0
-0.11314830929040909,0
1.6567631959915161,0
-0.17951999604701996,0
-0.22376777231693268,0
-0.3565111458301544,0
0.8821489214897156,0
1.0488156080245972,0
0.8821489214897156,0
0.8821489214897156,0
0.715482234954834,0
-0.003846346400678158,0
-0.1412089765071869,0
-0.003846346400678158,0
1.5620876550674438,0
-0.003846346400678158,0
0.22665061056613922,0
0.4349839687347412,0
0.6433172821998596,0
0.851650595664978,0
1.1120672225952148,0
1.660297155380249,1
-0.21994461119174957,0
-0.1929284781217575,0
-0.20542848110198975,0
-0.22841235995292664,0
0.3185209035873413,0
0.7596973180770874,0
0.1714620739221573,0
1.2008737325668335,0
-0.26971435546875,0
0.5927226543426514,0
0.6508621573448181,0
1.2322574853897095,0
0.3601645231246948,0
0.4764435887336731,0
1.6520520448684692,1
-0.2589368224143982,0
-0.2339620739221573,0
-0.14248155057430267,0
-0.16521137952804565,0
1.6509093046188354,1
-0.18930025398731232,0
-0.22832012176513672,0
-0.2515137493610382,0
-0.123539499938488,0
1.0635594129562378,0
0.09417173266410828,0
1.012539029121399,0
0.2982533574104309,0
0.1962125450372696,0
1.139891266822815,0
0.28274837136268616,0
0.28274837136268616,0
0.21131978929042816,0
0.9256055355072021,0
-0.28128954768180847,0
-0.23026913404464722,0
-0.0006773033528588712,0
-0.2047589272260666,0
1.6319756507873535,0
0.8657089471817017,0
1.0508941411972046,0
0.35644975304603577,0
0.7731163501739502,0
0.2638571560382843,0
1.3299509286880493,0
0.5690813660621643,0
0.13429875671863556,0
0.35169005393981934,0
0.025603098794817924,0
1.660752296447754,1
-0.23844856023788452,0
-0.19004693627357483,0
-0.19848908483982086,0
-0.2243783175945282,0
0.7408774495124817,0
0.6337345838546753,0
0.7587345838546753,0
1.1515917778015137,0
0.6873060464859009,0
1.028430461883545,0
0.9284304976463318,0
0.37843048572540283,0
0.7784304618835449,0
0.5284304618835449,0
-inf,0
-inf,0
-inf,0
-inf,0
inf,0
1.6599525213241577,1
-0.22132478654384613,0
-0.2138296514749527,0
-0.20745879411697388,0
-0.2007131725549698,0
1.648566484451294,1
-0.24599911272525787,0
-0.12663079798221588,0
-0.14985419809818268,0
-0.26016539335250854,0
0.23227553069591522,0
0.5263931751251221,0
0.9675695896148682,0
0.9675695896148682,0
-0.20890091359615326,0
0.37562108039855957,0
1.1364905834197998,0
0.8647515177726746,0
0.4027949869632721,0
0.022360190749168396,0
1.0059118270874023,0
0.2582482397556305,0
0.2582482397556305,0
0.44516411423683167,0
1.0526407957077026,0
1.659371256828308,1
-0.20177888870239258,0
-0.24096384644508362,0
-0.22069576382637024,0
-0.17880840599536896,0
0.5103704333305359,0
0.7806406617164612,0
1.0171271562576294,0
0.9495595693588257,0
0.4090190827846527,0
1.6602919101715088,1
-0.19105620682239532,0
-0.20828507840633392,0
-0.22883881628513336,0
-0.21856194734573364,0
0.41547855734825134,0
0.7726214528083801,0
1.1297643184661865,0
0.7726214528083801,0
0.41547855734825134,0
0.5620005130767822,0
1.0959811210632324,0
0.2950102388858795,0
0.440641313791275,0
0.926078200340271,0
-0.6023727059364319,0
-0.3038652241230011,0
1.7110604047775269,0
-0.11729803681373596,0
-0.3784920871257782,0
-0.09752704948186874,0
-0.20391002297401428,0
1.6577922105789185,0
-0.3102930188179016,0
-0.25710150599479675,0
1.6455007791519165,1
-0.1415557563304901,0
-0.23772023618221283,0
-0.11502762138843536,0
-0.2717094123363495,0
1.4578666687011719,0
0.24818922579288483,0
-0.23568177223205566,0
-0.9614882469177246,0
0.08689888566732407,0
1.655440092086792,1
-0.23160657286643982,0
-0.2454909235239029,0
-0.20424623787403107,0
-0.13972483575344086,0
-2.053959608078003,0
0.44604048132896423,0
1.6960405111312866,0
-2.053959608078003,0
-3.303959369659424,0
0.5683375597000122,0
0.3683375120162964,0
0.9683375358581543,0
1.0683375597000122,0
0.3683375120162964,0
1.192257046699524,0
0.46740487217903137,0
0.4969906806945801,0
0.5561622977256775,0
0.7780557870864868,0
-0.44657808542251587,0
0.5256441831588745,0
0.24786639213562012,0
-0.30768918991088867,0
1.3589774370193481,0
-0.15818218886852264,0
-0.390740305185318,0
1.6441433429718018,0
0.01623641513288021,0
-0.390740305185318,0
1.6584893465042114,1
-0.22217302024364471,0
-0.24365068972110748,0
-0.17531266808509827,0
-0.19561882317066193,0
0.32601502537727356,0
1.4969011545181274,0
-0.14866852760314941,0
-0.08537739515304565,0
-0.022086251527071,0
0.8190948963165283,0
0.42054417729377747,0
0.49300792813301086,0
1.1451817750930786,0
0.05822534114122391,0
0.30862802267074585,0
1.0229136943817139,0
0.10029467195272446,0
1.0526756048202515,0
0.18958039581775665,0
1.1590510606765747,0
0.34444430470466614,0
0.7377027273178101,0
0.5410735011100769,0
0.7096128463745117,0
1.4465768337249756,0
-0.12088336050510406,0
-0.14072462916374207,0
-0.04151828587055206,0
0.47435471415519714,0
0.9530736804008484,0
0.7047293186187744,0
0.22459685802459717,0
1.0027425289154053,0
0.25770944356918335,0
1.655139446258545,1
-0.15647928416728973,0
-0.18578112125396729,0
-0.23249422013759613,0
-0.24098750948905945,0
1.6517075300216675,1
-0.2440497875213623,0
-0.2552267909049988,0
-0.14254431426525116,0
-0.15782716870307922,0
0.01825309358537197,0
0.6280092000961304,0
1.2377653121948242,0
0.20117992162704468,0
0.567033588886261,0
0.09735330194234848,0
-0.7359800338745117,0
0.09735330194234848,0
1.2640199661254883,0
0.5973533391952515,0
1.109834909439087,0
0.4848349690437317,0
0.8598349690437317,0
0.7348349690437317,0
0.4848349690437317,0
-0.014545361511409283,0
0.5271213054656982,0
0.44378799200057983,0
0.15212130546569824,0
1.3187880516052246,0
-0.14883987605571747,0
-0.10419701039791107,0
1.4583029747009277,0
0.4761601388454437,0
-0.3274112939834595,0
0.29037320613861084,0
0.2290235012769699,0
0.29037320613861084,0
1.3639928102493286,0
0.4437474310398102,0
1.5483794212341309,0
-0.37022513151168823,0
-0.19580651819705963,0
0.26930972933769226,0
-0.1376669853925705,0
1.6599235534667969,1
-0.23647429049015045,0
-0.1851750910282135,0
-0.20915189385414124,0
-0.21417029201984406,0
1.015449047088623,0
0.8302639126777649,0
0.8302639126777649,0
0.6450786590576172,0
0.2747083008289337,0
1.6411747932434082,1
-0.09184987097978592,0
-0.14020377397537231,0
-0.269061803817749,0
-0.2399980127811432,0
0.7061746716499329,0
0.7061746716499329,0
0.31143778562545776,0
1.1009114980697632,0
0.7719641327857971,0
0.08044004440307617,0
0.5396236777305603,0
0.48860329389572144,0
1.3049298524856567,0
0.1824808567762375,0
0.16729071736335754,0
1.0715460777282715,0
0.22048220038414001,0
0.9651630520820618,0
0.48643964529037476,0
0.5650467872619629,0
0.8005539774894714,0
1.1628727912902832,0
0.5650467872619629,0
0.6556264758110046,0
1.661056637763977,1
-0.22311581671237946,0
-0.21640916168689728,0
-0.19471120834350586,0
-0.21759270131587982,0
1.6477324962615967,1
-0.27732396125793457,0
-0.1599501073360443,0
-0.14771059155464172,0
-0.1859983205795288,0
0.11294630914926529,0
0.8802729845046997,0
0.8060155510902405,0
0.3109661042690277,0
0.9792828559875488,0
0.4925840198993683,0
0.6993509531021118,0
1.0376967191696167,0
0.5865689516067505,0
0.9813057780265808,0
0.011641916818916798,0
0.011641916818916798,0
0.8011156320571899,0
0.40637877583503723,0
1.1958523988723755,0
0.10276255011558533,0
1.155394196510315,0
0.6290783882141113,0
0.6290783882141113,0
-0.2919743061065674,0
0.6083402037620544,0
1.025006890296936,0
0.418946236371994,0
0.1159159392118454,0
0.949249267578125,0
1.6498888731002808,1
-0.13209904730319977,0
-0.2702554166316986,0
-0.16305525600910187,0
-0.22324785590171814,0
-5.85410213470459,0
1.6458978652954102,0
-0.8541020750999451,0
-0.8541020750999451,0
-5.85410213470459,0
1.2853364944458008,0
0.26492834091186523,0
0.16288751363754272,0
-0.14323492348194122,0
0.6730915904045105,0
0.43349432945251465,0
0.5777251124382019,0
1.2988789081573486,0
0.19310970604419708,0
0.33734047412872314,0
-0.19028456509113312,0
1.0597153902053833,0
-0.07664821296930313,0
-0.07664821296930313,0
1.0597153902053833,0
0.3876275420188904,0
0.3876275420188904,0
-0.11237245798110962,0
1.3876276016235352,0
-0.11237245798110962,0
0.6007372736930847,0
0.3699680268764496,0
0.985352635383606,0
1.0238142013549805,0
0.2161218672990799,0
-0.1665443629026413,0
-0.22519317269325256,0
-0.1947360634803772,0
-0.24960920214653015,0
1.6581132411956787,1
-0.1159011721611023,0
-0.1322373002767563,0
-0.23598600924015045,0
-0.23483961820602417,0
1.6400887966156006,1
0.3053619861602783,0
1.0406560897827148,0
0.7465384602546692,0
0.8935972452163696,0
0.599479615688324,0
inf,0
-inf,0
-inf,0
-inf,0
-inf,0
0.6443899869918823,0
0.9704769253730774,0
0.22513537108898163,0
0.6909738779067993,0
0.9549490213394165,0
1.1367056369781494,0
0.8908040523529053,0
0.5219515562057495,0
0.3580171465873718,0
0.39900076389312744,0
0.6084259152412415,0
0.6694015264511108,0
1.1876941919326782,0
0.6084259152412415,0
0.6998893022537231,0
0.41372349858283997,0
1.1745930910110474,0
0.41372349858283997,0
0.8485061526298523,0
0.41372349858283997,0
-0.16896292567253113,0
-0.24285785853862762,0
-0.19113139808177948,0
-0.23378893733024597,0
1.6582574844360352,1
-0.24238897860050201,0
-0.2510634958744049,0
-0.14653541147708893,0
-0.18210098147392273,0
1.6553815603256226,1
0.4734162986278534,0
1.3718538284301758,0
-0.034396201372146606,0
0.043728798627853394,0
0.3366975486278534,0
0.3653406798839569,0
0.6858534812927246,0
0.044827885925769806,0
1.262776494026184,0
0.30123811960220337,0
0.565930962562561,0
0.6202787756919861,0
0.32136571407318115,0
1.2181048393249512,0
0.6202787756919861,0
-0.22291533648967743,0
-0.13271574676036835,0
-0.2455185502767563,0
-0.22014324367046356,0
1.6552832126617432,1
-0.21449889242649078,0
-0.2155727744102478,0
-0.17154356837272644,0
-0.238840252161026,0
1.6590691804885864,1
-0.09143412858247757,0
1.2974549531936646,0
0.3252325654029846,0
0.603010356426239,0
-0.36921191215515137,0
-0.16087201237678528,0
-0.19270271062850952,0
-0.19643063843250275,0
-0.2529229521751404,0
1.653477430343628,1
-0.16703610122203827,0
0.06023662909865379,0
0.42387300729751587,0
1.4238730669021606,0
0.15114572644233704,0
-0.1793828308582306,0
1.3723411560058594,0
0.07923783361911774,0
-0.35179662704467773,0
0.5964791774749756,0
1.54662024974823,0
-0.13306722044944763,0
0.17943277955055237,0
-0.13306722044944763,0
-0.05494222044944763,0
-0.2839263677597046,0
1.5017880201339722,0
0.2875022292137146,0
0.073216512799263,0
-0.1410692185163498,0
0.39483144879341125,0
0.21301326155662537,0
1.3948314189910889,0
0.21301326155662537,0
0.21301326155662537,0
0.16606850922107697,0
0.25535422563552856,0
0.34463992714881897,0
1.4160685539245605,0
0.07678279280662537,0
-0.22676533460617065,0
-0.2257699817419052,0
-0.11727628111839294,0
-0.2207932025194168,0
1.6508060693740845,1
-0.32465818524360657,0
1.2229609489440918,0
0.8658180832862854,0
-0.08656292408704758,0
-0.08656292408704758,0
-0.3107614815235138,0
0.522571861743927,0
0.10590518265962601,0
1.3559050559997559,0
0.2100718468427658,0
-0.05063670873641968,0
-0.2028106302022934,0
-0.09411496669054031,0
1.5797982215881348,0
0.03631981462240219,0
0.1356922686100006,0
1.4319885969161987,0
0.4134700298309326,0
0.043099675327539444,0
-0.049492914229631424,0
-0.20071817934513092,0
-0.19763556122779846,0
-0.20148883759975433,0
-0.2400215119123459,0
1.6592541933059692,1
-0.20918883383274078,0
-0.2492651641368866,0
-0.16965775191783905,0
-0.19446691870689392,0
1.6564054489135742,1
-0.688694179058075,0
-0.9518520832061768,0
0.23235848546028137,0
1.6797269582748413,0
-0.688694179058075,0
-0.21896697580814362,0
-0.2970919609069824,0
1.6560330390930176,0
-0.2970919609069824,0
-0.06271697580814362,0
-0.19681452214717865,0
0.018702702596783638,0
1.613530158996582,0
-0.3261248469352722,0
-0.11060763150453568,0
-0.1982162445783615,0
-0.18893150985240936,0
-0.22263164818286896,0
-0.23397965729236603,0
1.659761667251587,1
0.8042747378349304,0
0.6119670271873474,0
0.9004285931587219,0
1.0446593761444092,0
0.8523516654968262,0
0.4617390036582947,0
-0.03826100751757622,0
-0.2525467276573181,0
-0.3954038918018341,0
1.4617390632629395,0
-0.1763070523738861,0
-0.0447281077504158,0
1.607318639755249,0
-0.1909269392490387,0
-0.07396787405014038,0
-0.18082112073898315,0
-0.17505799233913422,0
-0.22884725034236908,0
-0.24757744371891022,0
1.6576189994812012,1
-0.4204951524734497,0
0.3295048475265503,0
1.4545048475265503,0
0.2045048475265503,0
-0.5454951524734497,0
-0.22321367263793945,0
0.27678632736206055,0
-0.22321367263793945,0
1.554564118385315,0
-0.27876922488212585,0
-0.14338818192481995,0
0.06494516134262085,0
-0.14338818192481995,0
1.5232785940170288,0
0.20383405685424805,0
0.1967885047197342,0
0.9344934225082397,0
1.139411449432373,0
0.03285408020019531,0
0.1967885047197342,0
-0.5912091135978699,0
-0.8689869046211243,0
1.9087910652160645,0
-1.980098009109497,0
-0.5912091135978699,0
-0.2243000715970993,0
-0.15654347836971283,0
-0.23435427248477936,0
-0.21992868185043335,0
1.6580219268798828,1
1.3183274269104004,0
0.5228729248046875,0
0.3524184226989746,0
0.18196389079093933,0
0.4092366099357605,0
0.3983314037322998,0
0.3009288012981415,0
0.7879418134689331,0
0.9502794742584229,0
0.9827470183372498,0
-0.26106318831443787,0
-0.17397412657737732,0
-0.12444222718477249,0
-0.19302485883235931,0
1.645370602607727,1
-0.21302974224090576,0
-0.21930523216724396,0
-0.22479629516601562,0
-0.1836133599281311,0
1.6594208478927612,1
-0.15267284214496613,0
-0.2353234440088272,0
-0.2083354890346527,0
-0.23797404766082764,0
1.6576886177062988,1
-1.5035966634750366,0
-2.059152126312256,0
-0.11470768600702286,0
-0.6702632904052734,0
1.8297368288040161,0
0.11233974993228912,0
0.42483973503112793,0
1.049839735031128,0
0.11233974993228912,0
0.9977564215660095,0
-5.76558780670166,0
-2.01558780670166,0
2.98441219329834,0
-3.89058780670166,0
-2.64058780670166,0
0.6255636811256409,0
0.7261383533477783,0
0.3813107907772064,0
0.841080904006958,0
1.0997015237808228,0
-0.21084162592887878,0
-0.18538758158683777,0
-0.2596858739852905,0
-0.16130942106246948,0
1.6552151441574097,1
-0.2575927674770355,0
-0.2395714968442917,0
-0.1584758162498474,0
-0.1424819380044937,0
1.651534914970398,1
-0.16133098304271698,0
-0.2499024122953415,0
-0.1956166923046112,0
-0.19625161588191986,0
1.6535896062850952,1
-0.073911152780056,0
0.8552924394607544,0
-0.029663363471627235,0
-0.11815893650054932,0
1.231398582458496,0
-0.2066708654165268,0
-0.2531747817993164,0
-0.19795137643814087,0
-0.1792667806148529,0
1.6584678888320923,1
-0.3517381548881531,0
-0.11918000876903534,0
-0.0029009440913796425,0
0.5784943699836731,0
1.392447829246521,0
-0.18671627342700958,0
-0.24756880104541779,0
-0.18701311945915222,0
-0.1911688894033432,0
1.6551859378814697,1
-0.22545957565307617,0
-0.17666390538215637,0
-0.2344573587179184,0
-0.20192691683769226,0
1.658884048461914,1
1.066509485244751,0
0.8806987404823303,0
0.677996039390564,0
0.2894825339317322,0
0.15434741973876953,0
-0.1876714527606964,0
-0.1876714527606964,0
-0.1876714527606964,0
-0.2963671088218689,0
1.6601547002792358,0
-0.2485075443983078,0
-0.2097058892250061,0
-0.1524057537317276,0
-0.21421770751476288,0
1.6563833951950073,1
-0.12410618364810944,0
0.9870048761367798,0
1.0795974731445312,0
-0.12410618364810944,0
0.24626417458057404,0
1.23629891872406,0
0.7362989187240601,0
0.2362988442182541,0
-0.0970344990491867,0
0.3196321725845337,0
0.9958639740943909,0
1.0364044904708862,0
0.6580260992050171,0
0.6174855828285217,0
0.5228909850120544,0
0.3657667636871338,0
0.3102112114429474,0
1.0879889726638794,0
0.9768778681755066,0
0.1991000920534134,0
0.7201356291770935,0
0.29705873131752014,0
0.8355202674865723,0
1.1047509908676147,0
0.450904905796051,0
0.06598301231861115,0
0.06598301231861115,0
0.06598301231861115,0
0.69098299741745,0
1.3159829378128052,0
0.5034425854682922,0
0.9850939512252808,0
0.3887636661529541,0
0.5722498893737793,0
1.0539013147354126,0
0.707421600818634,0
0.707421600818634,0
0.38414570689201355,0
1.181559443473816,0
0.38414570689201355,0
-0.14166299998760223,0
-0.23410764336585999,0
-0.1713365912437439,0
-0.23524893820285797,0
1.650165319442749,1
1.0458250045776367,0
1.0458250045776367,0
2.2958250045776367,0
3.5458250045776367,0
2.2958250045776367,0
0.6685681343078613,0
0.7140226364135742,0
0.4412953853607178,0
1.077659010887146,0
0.8958408236503601,0
1.1794495582580566,0
0.11463478207588196,0
0.06833849102258682,0
0.901671826839447,0
0.06833849102258682,0
0.6356728076934814,0
1.0523394346237183,0
0.41131386160850525,0
0.9561855792999268,0
0.6356728076934814,0
0.9206002354621887,0
0.6933274865150452,0
0.6933274865150452,0
-0.21576336026191711,0
0.6933274865150452,0
-0.3483315110206604,0
1.5516685247421265,0
-0.048331499099731445,0
0.1516685038805008,0
-0.048331499099731445,0
-0.18022607266902924,0
-0.24752336740493774,0
-0.1794152557849884,0
-0.16968552768230438,0
1.6500442028045654,1
-0.3354076147079468,0
-0.3354076147079468,0
0.02173522114753723,0
-0.2560425400733948,0
1.648719310760498,0
0.676946222782135,0
0.6562851071357727,0
1.0281858444213867,0
0.676946222782135,0
1.0075247287750244,0
0.3780975639820099,0
1.4852404594421387,0
-0.1040453240275383,0
-0.0504738949239254,0
-0.1754738986492157,0
-0.1704370230436325,0
-0.24294182658195496,0
-0.2480398267507553,0
-0.10897786170244217,0
1.6469979286193848,1
0.3967823088169098,0
0.952337920665741,0
0.7440045475959778,0
0.952337920665741,0
0.8134490251541138,0
inf,0
-inf,0
-inf,0
-inf,0
-inf,0
1.5786203145980835,0
0.08985621482133865,0
-0.07868311554193497,0
-0.21913255751132965,0
-0.13486289978027344,0
1.2252050638198853,0
-0.12896154820919037,0
0.75645512342453,0
0.33978843688964844,0
-0.18104487657546997,0
0.3629831075668335,0
0.8595584034919739,0
0.8766816854476929,0
0.44859954714775085,0
1.0136679410934448,0
0.1361994743347168,0
0.06477090716362,0
1.421913743019104,0
0.06477090716362,0
0.4219137728214264,0
0.6516650915145874,0
0.8302364945411682,0
0.5623793601989746,0
1.0980936288833618,0
0.2052365094423294,0
-0.19833603501319885,0
-0.2067137211561203,0
-0.2343108057975769,0
-0.20720653235912323,0
1.6602782011032104,1
-0.20428261160850525,0
-0.13400578498840332,0
-0.22782713174819946,0
-0.24495042860507965,0
1.653950810432434,1
-0.48600226640701294,0
-0.08600225299596786,0
-0.5860022902488708,0
0.11399774998426437,0
1.6139976978302002,0
0.3310924768447876,0
0.5035062432289124,0
0.3310924768447876,0
0.9345407485961914,0
1.106954574584961,0
0.8753671646118164,0
1.1134624481201172,0
0.51822429895401,0
0.04203376546502113,0
0.28012901544570923,0
1.0877841711044312,0
0.33778420090675354,0
0.9627841711044312,0
0.40028420090675354,0
0.15028420090675354,0
-0.17309974133968353,0
-0.2139417976140976,0
-0.22957846522331238,0
-0.2258443385362625,0
1.6594246625900269,1
-0.18858322501182556,0
-0.23164299130439758,0
-0.21222388744354248,0
-0.21264603734016418,0
1.6600321531295776,1
0.16591155529022217,0
-0.3120296001434326,0
0.018852736800909042,0
-0.38555899262428284,0
1.5629702806472778,0
-0.22663633525371552,0
-0.15289661288261414,0
-0.24183118343353271,0
-0.21814508736133575,0
1.6584190130233765,1
0.4008850157260895,0
1.0863689184188843,0
0.7637882828712463,0
0.8041108250617981,0
0.7234656810760498,0
-0.26214849948883057,0
-0.22483506798744202,0
0.017702260985970497,0
-0.05692461133003235,0
1.6035231351852417,0
0.9180975556373596,0
0.009006649255752563,0
1.1129027605056763,0
0.009006649255752563,0
0.3986170291900635,0
1.2750234603881836,0
0.7541901469230652,0
0.07710684835910797,0
0.07710684835910797,0
-0.18330980837345123,0
-0.23722060024738312,0
-0.23692485690116882,0
-0.17511248588562012,0
-0.1481989622116089,0
1.6523451805114746,1
1.0315736532211304,0
-0.6350931525230408,0
1.0315736532211304,0
-0.9128709435462952,0
-0.07953757047653198,0
0.2954151928424835,0
0.24333186447620392,0
0.6079152226448059,0
1.1808319091796875,0
0.7641652226448059,0
0.22610825300216675,0
1.0155819654464722,0
0.3905819356441498,0
1.0484766960144043,0
0.1603187769651413,0
-0.16265852749347687,0
-0.2194262146949768,0
-0.15722857415676117,0
-0.2678021788597107,0
1.6531671285629272,1
0.2138701230287552,0
-0.05786900967359543,0
1.1921310424804688,0
0.05082664638757706,0
0.8660440444946289,0
-0.19543637335300446,0
-0.24183045327663422,0
-0.20222574472427368,0
-0.2056204378604889,0
1.6599500179290771,1
-1.004794955253601,0
0.2452050745487213,0
-0.13941031694412231,0
-0.13941031694412231,0
1.495205044746399,0
1.895950436592102,0
-0.604049563407898,0
-1.854049563407898,0
-0.604049563407898,0
-3.1040496826171875,0
0.4990248680114746,0
0.4990248680114746,0
1.0198582410812378,0
0.2906915247440338,0
1.0198582410812378,0
1.2583369016647339,0
0.6779796481132507,0
0.27619391679763794,0
0.45476534962654114,0
0.14226534962654114,0
-0.15847574174404144,0
-0.17760732769966125,0
-0.2686903476715088,0
-0.20505701005458832,0
1.6538267135620117,1
0.3289939761161804,0
1.3072547912597656,0
0.4066337049007416,0
0.499801367521286,0
0.4532175660133362,0
0.6030691266059875,0
0.34883180260658264,0
0.8573063611984253,0
1.1115436553955078,0
0.645442008972168,0
-0.18101510405540466,0
-0.1941433846950531,0
-0.18289056420326233,0
-0.2525954842567444,0
1.6547563076019287,1
-0.22957700490951538,0
-0.1562982052564621,0
-0.23085512220859528,0
-0.21338750422000885,0
1.657352089881897,1
0.5750090479850769,0
-0.4964195787906647,0
1.3607232570648193,0
-0.06784813851118088,0
0.07500901073217392,0
-0.22323612868785858,0
0.0040365890599787235,0
0.515400230884552,0
-0.109599769115448,0
1.4244911670684814,0
1.0,0
1.0,0
1.0,0
1.0,0
1.0,0
1.5311909914016724,0
0.04309569299221039,0
0.10261950641870499,0
0.04309569299221039,0
-0.3735710084438324,0
0.36832472681999207,0
0.4458441138267517,0
1.240417718887329,0
0.523363471031189,0
0.6784021854400635,0
0.3438750207424164,0
0.17720834910869598,0
0.6216528415679932,0
0.3994305729866028,0
1.28831946849823,0
1.15883469581604,0
-0.71616530418396,0
-0.09116530418395996,0
-0.63804030418396,0
0.92445969581604,0
-2.515552282333374,0
-1.6822190284729004,0
1.6511142253875732,0
0.40111422538757324,0
-1.2655524015426636,0
0.9032496213912964,0
0.564266562461853,0
0.9456225037574768,0
0.43714791536331177,0
0.9456225037574768,0
0.9779360890388489,0
0.2834916412830353,0
0.23719535768032074,0
-0.0868787094950676,0
1.0705287456512451,0
0.26034826040267944,0
0.4327620565891266,0
1.2948310375213623,0
0.26034826040267944,0
0.6051758527755737,0
0.2041749656200409,0
1.4541749954223633,0
0.2041749656200409,0
-1.0458250045776367,0
-1.0458250045776367,0
-0.3281029462814331,0
-0.15418989956378937,0
-0.0672333762049675,0
1.5632014274597168,0
0.1718970686197281,0
1.1710073947906494,0
-0.07899254560470581,0
0.8585074543952942,0
0.07725745439529419,0
-0.5477425456047058,0
1.060998797416687,0
0.7628336548805237,0
0.8545767664909363,0
0.2582465410232544,0
0.4876043200492859,0
1.5623947381973267,0
-0.08533249795436859,0
0.19875839352607727,0
-0.31260523200035095,0
-0.19896885752677917,0
-0.42220258712768555,0
0.41113072633743286,0
-0.21386925876140594,0
1.5048807859420776,0
-0.21386925876140594,0
0.4967184066772461,0
-0.2927553057670593,0
0.10198154300451279,0
-0.16117635369300842,0
1.4177711009979248,0
0.11889879405498505,0
-0.21443454921245575,0
-0.13110122084617615,0
0.11889879405498505,0
1.5355653762817383,0
0.7916874289512634,0
0.45077836513519287,0
0.6780511140823364,0
0.2235056459903717,0
1.1325966119766235,0
0.8064244985580444,0
-0.026908881962299347,0
0.25086891651153564,0
1.0842022895812988,0
0.6675356030464172,0
0.09494727849960327,0
-0.058113943785429,0
1.166375756263733,0
0.8602533340454102,0
0.35004931688308716,0
-0.24593624472618103,0
-0.22581101953983307,0
-0.20143714547157288,0
-0.1643172800540924,0
1.65835702419281,1
0.9303831458091736,0
0.5042468309402466,0
0.2343605011701584,0
0.5042468309402466,0
1.0866332054138184,0
-0.19250395894050598,0
-0.19250395894050598,0
0.7988753318786621,0
1.2730132341384888,0
-0.020090175792574883,0
-0.25615713000297546,0
0.1850193291902542,0
0.0011958093382418156,0
1.5453132390975952,0
-0.14586301147937775,0
0.6590299010276794,0
1.124868392944336,0
0.565862238407135,0
0.8608932495117188,0
0.4261106550693512,0
-0.2075105905532837,0
-0.2020799070596695,0
-0.2093995213508606,0
-0.23159445822238922,0
1.6608781814575195,1
0.8664152026176453,0
0.29349851608276367,0
0.033081866800785065,0
0.18933185935020447,0
1.1789151430130005,0
-0.5548880100250244,0
1.7665406465530396,0
-0.9120308756828308,0
-0.01917370781302452,0
-0.7334594130516052,0
1.1661863327026367,0
0.8400993943214417,0
0.5140124559402466,0
0.2966211438179016,0
0.4053167998790741,0
0.9250850677490234,0
0.14730726182460785,0
0.9250850677490234,0
0.14730726182460785,0
0.8139739632606506,0
1.4455645084381104,0
0.46730363368988037,0
-0.18487028777599335,0
-0.07617463171482086,0
-0.021826807409524918,0
-0.22658024728298187,0
-0.195732980966568,0
-0.2505725622177124,0
-0.13883690536022186,0
1.6540751457214355,1
-0.2152518630027771,0
-0.17491433024406433,0
-0.2351888120174408,0
-0.21942472457885742,0
1.6597479581832886,1
1.0,0
0.5,0
0.0,0
0.0,0
1.0,0
-0.16619955003261566,0
-0.1889268159866333,0
-0.20289462804794312,0
-0.26728856563568115,0
1.6562436819076538,1
-0.21575386822223663,0
-0.22314198315143585,0
-0.19464494287967682,0
-0.21399478614330292,0
1.6604775190353394,1
-0.20699405670166016,0
-0.21595881879329681,0
-0.22219517827033997,0
-0.20153723657131195,0
1.6604052782058716,1
-0.1423809975385666,0
-0.22735941410064697,0
-0.2381451427936554,0
-0.15741562843322754,0
1.6477222442626953,1
1.074472188949585,0
0.9911388158798218,0
-0.09219460189342499,0
0.2411387413740158,0
-0.1755279302597046,0
-0.16682295501232147,0
-0.1665746420621872,0
-0.2082909643650055,0
-0.2701205313205719,0
1.6540453433990479,1
1.1483639478683472,0
0.8358639478683472,0
0.622795820236206,0
0.5517730712890625,0
0.622795820236206,0
1.0284571647644043,0
0.34663906693458557,0
1.0284571647644043,0
0.4602753818035126,0
0.4602753818035126,0
-0.23188748955726624,0
-0.18150360882282257,0
-0.19898372888565063,0
-0.22948825359344482,0
1.659393072128296,1
-0.24112185835838318,0
-0.18536671996116638,0
-0.2332637459039688,0
-0.15954723954200745,0
1.6556750535964966,1
0.8498018980026245,0
0.2027430534362793,0
1.173331379890442,0
0.4380371868610382,0
0.2615665793418884,0
0.068410225212574,0
0.8457211256027222,0
0.3205110728740692,0
0.4255530834197998,0
1.1608471870422363,0
-0.21891744434833527,0
-0.2212657481431961,0
-0.2254926860332489,0
-0.18745023012161255,0
1.6611313819885254,1
-0.2036517709493637,0
-0.23805959522724152,0
-0.1769404411315918,0
-0.23398497700691223,0
1.6607089042663574,1
1.0467768907546997,0
0.9694573283195496,0
0.557086169719696,0
0.17048820853233337,0
0.27358099818229675,0
0.7233896255493164,0
0.0477139987051487,0
0.3179842531681061,0
0.18284912407398224,0
1.2639302015304565,0
0.22659866511821747,0
0.22659866511821747,0
-0.03655923157930374,0
1.4108092784881592,0
0.35817763209342957,0
0.8646985292434692,0
0.1916215717792511,0
1.0570062398910522,0
0.720467746257782,0
0.4800831377506256,0
0.6495197415351868,0
0.8578530550003052,0
1.1356309652328491,0
0.5800752639770508,0
0.5106308460235596,0
0.36048048734664917,0
0.6104804873466492,0
0.6104804873466492,0
1.1938138008117676,0
0.6938138008117676,0
-0.22658738493919373,0
-0.21328769624233246,0
-0.22624637186527252,0
-0.13007940351963043,0
1.652078628540039,1
0.6051155924797058,0
1.0217822790145874,0
0.6051155924797058,0
0.6051155924797058,0
1.0217822790145874,0
-0.18228700757026672,0
-0.23995915055274963,0
-0.14383891224861145,0
-0.24563898146152496,0
1.6540464162826538,1
-0.3488087058067322,0
0.4466458261013031,0
0.5602821707725525,0
1.2421002388000488,0
0.21937309205532074,0
-0.1893211007118225,0
-0.48343873023986816,0
1.6856787204742432,0
-0.26285049319267273,0
-0.1893211007118225,0
-0.5584664344787598,0
-0.9156093001365662,0
-0.5584664344787598,0
1.9415336847305298,0
-1.2727521657943726,0
0.22546812891960144,0
0.861831784248352,0
-0.024531885981559753,0
0.24819539487361908,0
1.180013656616211,0
-0.2422332912683487,0
-0.2075907588005066,0
-0.20397774875164032,0
-0.1854875683784485,0
1.6590673923492432,1
0.4621383547782898,0
0.9365909099578857,0
1.1008244752883911,0
0.5168828964233398,0
0.553379237651825,0
0.9798323512077332,0
0.4931066632270813,0
0.13912437856197357,0
0.3824872076511383,0
1.0462039709091187,0
-0.20925046503543854,0
-0.23400507867336273,0
-0.2055910974740982,0
-0.202146977186203,0
1.6609063148498535,1
1.2639669179916382,0
-0.40269970893859863,0
-2.069366216659546,0
0.4306336045265198,0
-0.40269970893859863,0
-0.3287290036678314,0
-0.041372694075107574,0
1.6540296077728271,0
-0.2999933958053589,0
-0.21378648281097412,0
-0.23791153728961945,0
-0.19083304703235626,0
-0.21899214386940002,0
-0.19303296506404877,0
1.6593077182769775,1
-0.2072196751832962,0
-0.20081904530525208,0
-0.19022488594055176,0
-0.24098855257034302,0
1.6591174602508545,1
1.1196262836456299,0
0.8923535943031311,0
0.4378081262111664,0
-0.016737308353185654,0
0.21053540706634521,0
-0.4191271960735321,0
-0.1066271960735321,0
0.4402478039264679,0
-0.028502196073532104,0
1.4558727741241455,0
0.015757456421852112,0
0.015757456421852112,0
1.5782573223114014,0
-0.2967425584793091,0
-0.9217425584793091,0
-0.18199077248573303,0
-0.25050947070121765,0
-0.13444718718528748,0
-0.23489466309547424,0
1.6523991823196411,1
-0.11880683153867722,0
0.2978598475456238,0
-0.18825127184391022,0
1.4784153699874878,0
0.15897096693515778,0
0.5687426328659058,0
0.99977707862854,0
0.6118460893630981,0
0.5256391763687134,0
1.0428805351257324,0
0.6490999460220337,0
0.5888590216636658,0
0.9503047466278076,0
0.22741322219371796,0
1.0105456113815308,0
-0.2317955195903778,0
-0.2236514538526535,0
-0.20283886790275574,0
-0.18632452189922333,0
1.659888505935669,1
-0.16499248147010803,0
-0.15993115305900574,0
-0.24180562794208527,0
-0.23198069632053375,0
1.6526209115982056,1
-0.26221567392349243,0
-0.08364422619342804,0
1.5830224752426147,0
-0.38126328587532043,0
0.15445102751255035,0
-0.09368115663528442,0
0.46187442541122437,0
-0.09368115663528442,0
1.4340966939926147,0
-0.6492367386817932,0
0.19346663355827332,0
-0.10065098851919174,0
0.1199372336268425,0
1.075819492340088,0
1.00229012966156,0
-0.23975400626659393,0
-0.21340322494506836,0
-0.21174146234989166,0
-0.17731927335262299,0
1.6594010591506958,1
1.5424532890319824,0
0.17881688475608826,0
-0.14946596324443817,0
-0.25047606229782104,0
0.027301723137497902,0
1.3330330848693848,0
0.35202038288116455,0
0.5418937802314758,0
0.2570836842060089,0
0.16214697062969208,0
-0.215059295296669,0
-0.15118339657783508,0
-0.22561022639274597,0
-0.2324540615081787,0
1.6564475297927856,1
-0.2422139197587967,0
-0.20316775143146515,0
-0.19514934718608856,0
-0.20421363413333893,0
1.6598918437957764,1
0.12511546909809113,0
1.232710361480713,0
0.6630901098251343,0
0.568153440952301,0
0.18840660154819489,0
1.3508284091949463,0
0.31634554266929626,0
0.5174949765205383,0
0.17266739904880524,0
0.20140302181243896,0
-0.24660570919513702,0
-0.11218803375959396,0
-0.21247456967830658,0
-0.23649278283119202,0
1.6525179147720337,1
-0.2150329351425171,0
-0.23867443203926086,0
-0.22491295635700226,0
-0.15187132358551025,0
1.657232403755188,1
0.40221866965293884,0
-0.0010071647120639682,0
0.11996058374643326,0
0.24092833697795868,0
1.4102832078933716,0
0.7004500031471252,0
0.156971737742424,0
1.2439281940460205,0
0.21131956577301025,0
0.48305872082710266,0
1.3280096054077148,0
-0.11429797857999802,0
-0.11429797857999802,0
0.5587788820266724,0
0.36647123098373413,0
0.26326072216033936,0
0.5709530115127563,0
1.0837734937667847,0
0.9171068072319031,0
0.5324915051460266,0
0.19250255823135376,0
0.8565651178359985,0
0.34875255823135376,0
0.8175026178359985,0
1.0128151178359985,0
-0.5149493217468262,0
1.7767174243927002,0
-0.5149493217468262,0
-0.5149493217468262,0
-0.23717153072357178,0
-0.22110618650913239,0
-0.22000841796398163,0
-0.2170810103416443,0
-0.18231813609600067,0
1.6593825817108154,1
0.7617010474205017,0
0.641838014125824,0
0.6932079195976257,0
1.1384133100509644,0
0.3507421314716339,0
0.5459898710250854,0
0.8162600994110107,0
0.5459898710250854,0
1.1540979146957397,0
0.27571961283683777,0
0.409776508808136,0
0.6389431953430176,0
0.1597764939069748,0
1.2847765684127808,0
0.284776508808136,0
0.6306954622268677,0
0.7315019369125366,0
1.1347277164459229,0
0.8121470808982849,0
0.5097277164459229,0
0.5817581415176392,0
0.9780995845794678,0
1.0390751361846924,0
0.4902947247028351,0
0.7037093639373779,0
0.9211355447769165,0
0.3854212760925293,0
0.6532784104347229,0
0.9211355447769165,0
0.9211355447769165,0
-0.4347006380558014,0
1.6486326456069946,0
-0.2263673096895218,0
-0.2263673096895218,0
-0.018033981323242188,0
0.9356935024261475,0
1.0547410249710083,0
0.6975982189178467,0
0.8166458606719971,0
0.8166458606719971,0
0.03786902129650116,0
0.6774038672447205,0
0.15414808690547943,0
0.4448457360267639,0
1.2587993144989014,0
-0.8110110759735107,0
-0.31101107597351074,0
-1.3110110759735107,0
-1.0610110759735107,0
1.9389889240264893,0
-0.22050419449806213,0
-0.22997388243675232,0
-0.24133752286434174,0
-0.11207615584135056,0
1.6521284580230713,1
-0.2606860101222992,0
-0.20038917660713196,0
-0.18763408064842224,0
-0.16560253500938416,0
1.6548984050750732,1
-0.26352763175964355,0
-0.15227538347244263,0
-0.19014348089694977,0
-0.2155456840991974,0
1.6555145978927612,1
-0.20833508670330048,0
-0.10240288078784943,0
1.4865801334381104,0
0.4060716927051544,0
-0.16596220433712006,0
0.4135640561580658,0
0.18100593984127045,0
0.4135640561580658,0
0.35542452335357666,0
1.3437966108322144,0
1.0,0
0.0,0
1.0,0
0.0,0
0.5,0
-0.2100163996219635,0
-0.25040608644485474,0
-0.23302629590034485,0
-0.09790438413619995,0
1.6496232748031616,1
0.3278997242450714,0
1.123354196548462,0
0.5551724433898926,0
0.3278997242450714,0
0.8960815072059631,0
0.44369247555732727,0
0.7057892680168152,0
1.1896603107452393,0
0.5848215222358704,0
0.6654666662216187,0
-0.38492441177368164,0
-0.32319602370262146,0
0.324952095746994,0
-0.07628246396780014,0
1.528655767440796,0
0.04246698319911957,0
1.521340250968933,0
0.2185233235359192,0
-0.09837809205055237,0
-0.16880062222480774,0
-0.23528805375099182,0
-0.13088181614875793,0
-0.23438018560409546,0
-0.15599983930587769,0
1.646142840385437,1
-0.22713981568813324,0
-0.20296606421470642,0
-0.21234692633152008,0
-0.21884135901927948,0
1.6623822450637817,1
0.3551618158817291,0
1.4265904426574707,0
-0.21626678109169006,0
-0.07340963184833527,0
0.2837332487106323,0
0.14348961412906647,0
0.548895001411438,0
0.09844457358121872,0
1.06691312789917,0
0.9317779541015625,0
0.4268801212310791,0
1.2450618743896484,0
0.2905164659023285,0
0.6541528701782227,0
0.5405164957046509,0
1.3436739444732666,0
0.5278844237327576,0
-0.024747146293520927,0
0.027884433045983315,0
0.36998969316482544,0
0.012275055050849915,0
0.20758755505084991,0
1.340399980545044,0
0.16852505505084991,0
0.5982125401496887,0
-0.1299169510602951,0
-0.23149064183235168,0
-0.24114729464054108,0
-0.20752783119678497,0
1.6537024974822998,1
-0.23643863201141357,0
-0.216060072183609,0
-0.2302214354276657,0
-0.15803298354148865,0
1.6587672233581543,1
-0.23539024591445923,0
-0.19790466129779816,0
-0.22385621070861816,0
-0.18961457908153534,0
1.660154938697815,1
-0.2435397505760193,0
-0.1901361644268036,0
-0.2317909598350525,0
-0.16236630082130432,0
1.6569159030914307,1
0.032702334225177765,0
0.058744002133607864,0
0.5535356402397156,0
0.006660670042037964,0
1.386868953704834,0
-0.22414252161979675,0
-0.22930780053138733,0
-0.170019268989563,0
-0.2225704789161682,0
1.659840703010559,1
1.2296630144119263,0
0.6463296413421631,0
0.5629963278770447,0
0.3129963278770447,0
0.06299631297588348,0
-0.6700467467308044,0
1.729953408241272,0
-0.9700466990470886,0
-0.470046728849411,0
0.02995328977704048,0
0.4193125367164612,0
0.6044977307319641,0
0.6662261486053467,0
0.9748680591583252,0
1.0365965366363525,0
-0.2299061417579651,0
-0.2209121435880661,0
-0.1079874187707901,0
-0.21724791824817657,0
1.6485083103179932,1
-0.42357853055000305,0
1.4420931339263916,0
-0.27432480454444885,0
0.5092573761940002,0
-0.05044417828321457,0
-0.02279149927198887,0
0.14962227642536163,0
-0.28141218423843384,0
0.06341539323329926,0
1.5289325714111328,0
-0.4369117319583893,0
-0.09208415448665619,0
0.16653650999069214,0
1.5889501571655273,0
-0.3507048189640045,0
-0.2181093692779541,0
-0.1399959921836853,0
-0.25121456384658813,0
-0.2065783441066742,0
1.6547517776489258,1
0.9019002318382263,0
0.5447573661804199,0
0.5447573661804199,0
1.0804716348648071,0
0.18761450052261353,0
-1.8505637645721436,0
-1.1687456369400024,0
-3.214200019836426,0
1.3312543630599976,0
0.6494361758232117,0
-0.22784537076950073,0
-0.20307563245296478,0
-0.19400501251220703,0
-0.22400781512260437,0
1.6605863571166992,1
0.523567259311676,0
0.6260262727737427,0
1.1997966766357422,0
0.35963281989097595,0
0.7079934477806091,0
-0.23913641273975372,0
-0.241146981716156,0
-0.1630219966173172,0
-0.15440526604652405,0
1.6522352695465088,1
-0.24564503133296967,0
-0.25076746940612793,0
-0.11220583319664001,0
-0.17700451612472534,0
1.6491403579711914,1
0.6413623094558716,0
0.8568795323371887,0
0.7275691628456116,0
0.2103278636932373,0
1.0292932987213135,0
-0.199458047747612,0
-0.21001696586608887,0
-0.22163178026676178,0
-0.2072012573480606,0
1.6592637300491333,1
0.4384784698486328,0
1.0322284698486328,0
0.7822284698486328,0
0.5634784698486328,0
0.9384784698486328,0
-0.5693134069442749,0
-0.06931336969137192,0
1.2640199661254883,0
0.7640199661254883,0
-0.06931336969137192,0
-0.19405294954776764,0
-0.18693597614765167,0
-0.23718614876270294,0
-0.22510884702205658,0
1.6595962047576904,1
-0.14871597290039062,0
-0.24225817620754242,0
-0.22986102104187012,0
-0.16252189874649048,0
1.6502809524536133,1
1.202967882156372,0
0.02033316344022751,0
0.37961459159851074,0
0.22991399466991425,0
0.7987762093544006,0
-0.1874319165945053,0
-0.23620791733264923,0
-0.19571463763713837,0
-0.22378383576869965,0
1.6596139669418335,1
0.37584492564201355,0
0.19727347791194916,0
1.0306068658828735,0
1.0306068658828735,0
0.37584492564201355,0
-0.16815724968910217,0
-0.16226179897785187,0
-0.23529992997646332,0
-0.23628249764442444,0
1.6532104015350342,1
0.22025573253631592,0
-0.07044193148612976,0
0.04583713412284851,0
1.4993255138397217,0
0.04583713412284851,0
0.11496952176094055,0
0.2177092432975769,0
1.3820927143096924,0
0.11496952176094055,0
0.491681843996048,0
-0.11018585413694382,0
-0.05968079715967178,0
1.4302183389663696,0
0.0665818378329277,0
0.4706222712993622,0
0.9865684509277344,0
0.2969133257865906,0
0.7926029562950134,0
0.44777539372444153,0
0.943464994430542,0
0.1275031715631485,0
-0.2950320541858673,0
1.465531349182129,0
0.3739820420742035,0
-0.2598207890987396,0
-0.2471388578414917,0
-0.1742860972881317,0
-0.16150492429733276,0
-0.1889844685792923,0
1.6492695808410645,1
0.20943057537078857,0
-0.2905694246292114,0
-0.7905694246292114,0
0.7094305753707886,0
1.2094305753707886,0
0.6134535670280457,0
0.5328083634376526,0
0.4521632194519043,0
0.3715180456638336,0
1.2586147785186768,0
-0.16443394124507904,0
-0.18115834891796112,0
-0.24805597960948944,0
-0.18653404712677002,0
1.6504627466201782,1
-0.08589096367359161,0
-0.009555088356137276,0
1.536246418952942,0
0.16220062971115112,0
-0.08589096367359161,0
0.7829527258872986,0
0.4739639461040497,0
0.7267729043960571,0
0.5863234996795654,0
1.1481212377548218,0
-0.19163596630096436,0
-0.22330856323242188,0
-0.22935838997364044,0
-0.2080060839653015,0
1.661033034324646,1
-0.21768374741077423,0
-0.15077635645866394,0
-0.2155597060918808,0
-0.24069422483444214,0
1.6564311981201172,1
-0.11930644512176514,0
-2.6193065643310547,0
1.1306935548782349,0
-0.11930644512176514,0
-0.11930644512176514,0
1.4472304582595825,0
-0.24919825792312622,0
0.19723032414913177,0
0.37580177187919617,0
-0.24919825792312622,0
1.1662734746932983,0
0.8267673254013062,0
0.4255327880382538,0
0.4255327880382538,0
0.5798537135124207,0
1.4008699655532837,0
0.2854853868484497,0
0.4008699953556061,0
-0.022206930443644524,0
0.13163922727108002,0
-0.010312686674296856,0
0.27377820014953613,0
1.3533235788345337,0
0.27377820014953613,0
0.5010509490966797,0
1.0855987071990967,0
0.8475034236907959,0
0.7284557819366455,0
0.25226524472236633,0
0.37131285667419434,0
-0.179306298494339,0
-0.25175195932388306,0
-0.16868926584720612,0
-0.1861761510372162,0
1.651196002960205,1
0.705025315284729,0
0.347882479429245,0
0.09278044104576111,0
0.24584165215492249,0
1.2662497758865356,0
-0.18927021324634552,0
-0.19555218517780304,0
-0.17603319883346558,0
-0.26487821340560913,0
1.6565073728561401,1
0.8063912391662598,0
0.6433477997779846,0
0.15421730279922485,0
0.3172608017921448,0
1.1324782371520996,0
1.5598537921905518,0
-0.08398193120956421,0
-0.15247508883476257,0
-0.15247508883476257,0
0.15574409067630768,0
0.4062063694000244,0
1.0527580976486206,0
1.0096546411514282,0
0.19068914651870728,0
0.27689602971076965,0
2.5795376300811768,0
2.5795376300811768,0
2.5795376300811768,0
0.9128709435462952,0
0.9128709435462952,0
0.42583468556404114,0
0.7858346104621887,0
0.6458346247673035,0
0.7458346486091614,0
1.125834584236145,0
1.296791672706604,0
0.318530797958374,0
0.6446177959442139,0
-0.11625181138515472,0
0.10113950073719025,0
1.0888309478759766,0
0.562515139579773,0
0.6940941214561462,0
0.1019887924194336,0
0.7598835825920105,0
0.7295801639556885,0
1.1339919567108154,0
0.4354625642299652,0
0.582521378993988,0
0.8031095862388611,0
-0.1973371058702469,0
-0.22936102747917175,0
-0.21690727770328522,0
-0.20623263716697693,0
1.6607614755630493,1
1.2210146188735962,0
0.3055216670036316,0
0.798479437828064,0
-0.04659102112054825,0
0.02383151650428772,0
0.9255208969116211,0
0.7730818390846252,0
0.4682038128376007,0
1.0474721193313599,0
0.4682038128376007,0
1.6284204721450806,0
-0.0104683768004179,0
-0.28824615478515625,0
-0.12157949060201645,0
-0.28824615478515625,0
1.0283873081207275,0
0.6712443828582764,0
0.31410154700279236,0
0.07600628584623337,0
0.9093396663665771,0
0.13725276291370392,0
0.8515385389328003,0
1.089633822441101,0
0.6134432554244995,0
0.018205132335424423,0
0.14689886569976807,0
1.4127217531204224,0
0.11525329202413559,0
0.4000634253025055,0
0.17854443192481995,0
0.49643048644065857,0
-0.42462217807769775,0
0.10169362276792526,0
-0.3588327169418335,0
1.4174830913543701,0
-1.5728594064712524,0
0.30214056372642517,0
0.30214056372642517,0
0.9271405935287476,0
0.30214056372642517,0
0.36350852251052856,0
0.08125044405460358,0
0.5651214122772217,0
1.0893150568008423,0
0.8877021074295044,0
0.4785201847553253,0
0.8799800276756287,0
1.0442136526107788,0
0.8434836864471436,0
0.6792501211166382,0
-0.37862059473991394,0
-0.27862057089805603,0
1.321379542350769,0
0.7713794112205505,0
-0.328620582818985,0
1.2700011730194092,0
0.7519831657409668,0
0.1438751220703125,0
0.16639764606952667,0
0.12135260552167892,0
0.26010268926620483,0
0.9148645997047424,0
0.37915030121803284,0
1.033912181854248,0
0.7362931370735168,0
0.3630208373069763,0
0.7603718638420105,0
1.1577228307724,0
0.4292459785938263,0
0.7107029557228088,0
-1.019712209701538,0
-2.269712209701538,0
2.105287790298462,0
-1.332212209701538,0
-0.7072122097015381,0
-0.316631019115448,0
1.2742780447006226,0
-0.9984492063522339,0
0.8197325468063354,0
-0.7711764574050903,0
-0.21023665368556976,0
-0.10821394622325897,0
-0.23862558603286743,0
-0.23640769720077515,0
1.6505688428878784,1
-0.2460000365972519,0
-0.22512872517108917,0
-0.17259056866168976,0
-0.19442148506641388,0
1.6585676670074463,1
1.6960405111312866,0
-2.053959608078003,0
0.44604048132896423,0
-2.053959608078003,0
-3.303959369659424,0
