3.655072448727668,0
3.5912963398875726,0
3.6041319080898546,0
3.6356017756342593,0
3.5984492983264467,0
3.602553224561171,0
3.5983643856141962,0
3.6392538577435487,0
3.7037350882330062,0
3.66359661118005,0
3.6711328891810275,0
3.6537254682156743,0
3.733817020367713,0
3.636097536717786,0
3.665124015602406,0
3.6808711740142135,0
3.666074449592702,0
3.5769904663249603,0
3.631226999689918,0
3.712246595103319,0
3.571646290621116,1
3.6464040470459422,0
3.493016451965382,0
3.6228910544848443,0
3.635302300748227,0
3.5026430956627794,1
3.568898191229652,0
3.609821913927745,0
3.6412433908811908,0
3.676466015137995,0
3.5396192961986763,1
3.586017483219589,0
3.5372496909650644,0
3.623118798270732,0
3.557324172963714,0
3.6135517411605136,0
3.5456509733005115,0
3.621750301130225,0
3.613941902577802,0
3.6455455037383016,0
3.7221706927023157,0
3.7764377407013194,0
3.7320011297924753,0
3.7954851214923018,0
3.7171226051225514,0
3.560069993300707,1
3.675799183489353,0
3.6686717076364475,0
3.6567307354936447,0
3.6547376682458124,0
3.6679957549642346,0
3.683932366044745,0
3.645325771682422,0
3.7143267723357165,0
3.7082480003331257,0
3.6764137296854074,1
3.692421742630116,0
3.6954575311208053,0
3.695748373572087,0
3.6435041149775276,0
3.7047288417464137,0
3.681680183545289,0
3.6424373470745284,0
3.702341218682575,0
3.638471797316367,0
3.63653098310148,0
3.578676581084073,0
3.59064301313183,0
3.527456634937563,0
3.626921254282612,0
3.6642372145859943,0
3.5935364848821987,0
3.5739769014634706,0
3.6430464520538353,0
3.659593520403752,0
3.6403803825327237,1
3.624558135158625,0
3.675797943564695,0
3.603708455880591,0
3.6543176066426364,0
3.6145276642056374,0
3.7074548645558933,0
3.6698689414918726,0
3.6444801407234113,0
3.7318624820922457,0
3.613025408047816,0
3.6730052126079333,0
3.6384900840518495,0
3.6742739068787666,0
3.661261985540818,0
3.6466180774584234,1
3.6375097962648764,0
3.567539981672464,0
3.6529161677479243,0
3.599390877810851,0
3.6809496414740717,0
3.635712054708628,0
3.692872171671508,0
3.713797314633213,0
3.6353231730256734,0
3.580373655867474,0
3.701188191931372,0
3.7043499323683373,0
3.5514887108445334,0
3.6426829390790743,0
3.6845618264713345,0
3.6002343157760426,0
3.5584573572653846,0
3.6487604637691984,0
3.682767244299649,0
3.683347658046825,0
3.6321332600750367,0
3.6715612614540496,0
3.6290986408646724,0
3.6935697999939476,0
3.697060227227207,0
3.4927697774029816,0
3.696445937184106,0
3.6855054625623684,0
3.717407931892021,0
3.762979726245799,0
3.693141862459861,0
3.650013798888028,0
3.719420517769679,0
3.7402320815892183,0
3.764922631585975,0
3.7291415064407474,0
3.5910530538697256,0
3.71151871334504,0
3.7659665193190475,0
3.775623715267673,0
3.7364453148067613,0
3.7944690398689183,0
3.7174364296250966,0
3.7674539513654235,0
3.6690939811658323,1
3.7015319187404097,0
3.7381466936540884,0
3.6454593605204755,0
3.700931226786425,0
3.644969946254612,1
3.55102382301739,0
3.6958099359636556,0
3.703668273738075,0
3.6593060098778105,0
3.715437739651419,0
3.60494591651423,0
3.6561464319081374,0
3.672788404610954,0
3.675931303514587,0
3.6745696284236318,0
3.7148089970385687,0
3.5966049522115746,0
3.735568218266748,0
3.687503473134731,0
3.6944393245527833,0
3.6203906508710295,0
3.6558235552261866,0
3.688751921898038,0
3.513806688907207,0
3.5356502139491086,1
3.548346658923634,0
3.592456552625653,0
3.665085812562278,0
3.6334433471161187,0
3.747204855111206,0
3.6179677982478147,0
3.7303726909489137,0
3.7590589856695704,0
3.694785989684026,0
3.6607858163589007,0
3.580830905238419,0
3.704590717925937,0
3.7066202227584655,0
3.7134456704881544,0
3.572681916882943,0
3.627550932688397,0
3.5966809305541005,0
3.581772562534124,0
3.637762936530907,0
3.6565911251396,0
3.6568314663364516,0
3.6678521709220306,0
3.7102302079047105,0
3.69415798550028,0
3.5260538384462605,0
3.6553001838887105,0
3.648468534333777,0
3.6662393174868315,0
3.6252314504309293,0
3.666087298422414,1
3.7153227740239334,0
3.716154044671774,0
3.661971209234971,0
3.6213023494644494,0
3.5256064958563647,1
3.578844222299826,0
3.5918079722864555,0
3.556115971626357,0
3.6160159938155054,0
3.6512005098747835,0
3.749174724810267,0
3.705799695209519,0
3.7005064154591727,0
3.6840236270377815,0
3.6937078172438604,0
3.6070680543143205,0
3.7150559594125676,0
3.753080133320907,0
3.748537211124045,0
3.6512729574044074,0
3.692564131755453,0
3.5982692812056265,0
3.659137604659317,0
3.6275310278133026,0
3.6773241938503864,0
3.682995672675043,0
3.664975364949455,0
3.6321241764845866,0
3.632685277682013,0
3.641671201852523,1
3.690232067640166,0
3.7056481960399252,0
3.6641704210812325,0
3.695599470624452,0
3.693410553084335,1
3.7560333326086672,0
3.730127126501618,0
3.679234046353395,0
3.7200694728206796,0
3.6771843058479017,0
3.575513362426978,0
3.671903042213592,0
3.565091346712465,0
3.6825880913320264,0
3.777652234031007,0
3.696361917031105,0
3.6316482964697023,0
3.7713343627545175,0
3.6261102014568514,0
3.552877525478231,1
3.5597318752652387,0
3.5492074369804736,0
3.6102413707030605,0
3.5852757508821345,0
3.674137657235365,0
3.684823571662865,0
3.7087255716524155,0
3.716241008776918,0
3.6894661198557346,0
3.5967919372408916,0
3.699677672684076,0
3.691604012194509,0
3.6441323439735154,0
3.6346205036799555,0
3.59198868631509,1
3.7238472825696745,0
3.6951629087779896,0
3.7106012550779983,0
3.7510455553283992,0
3.6820884531507825,0
3.6217241027011045,0
3.6729038304390063,0
3.6688998187366306,0
3.5807132498431615,0
3.7599535478028376,0
3.7704618449377914,0
3.5943942365018384,0
3.711210722136505,0
3.7336245965733115,0
3.7266292158801098,0
3.6951229846101152,0
3.740136701936602,0
3.7609595445547197,0
3.634260701773214,0
3.6827513129892826,1
3.7507156165154094,0
3.6971672675988834,0
3.6824632189531163,0
3.7603645065474813,0
3.731817174917536,0
3.6207990602970836,0
3.69566254581556,0
3.581482279470152,0
3.7091824608959048,0
3.639789215808166,0
3.619166520886205,0
3.6637194746631208,0
3.6697787594440094,0
3.683169600624497,0
3.7719876181377177,0
3.7299205351793128,0
3.650122844782106,0
3.793733614204013,0
3.7649618082146485,0
3.597618042176225,0
3.7277211989207877,0
3.691501789195544,0
3.678142149237805,0
3.5983860051862226,0
3.5045656522196214,0
3.727452270266441,0
3.7242304103438437,0
3.6846174138089323,0
3.728350300148136,0
3.609124486967938,0
3.639879253947316,0
3.632739494715071,0
3.6251161663476577,0
3.6585536521025173,0
3.563264124870174,1
3.642827043492484,0
3.6397936253868224,0
3.620864077809606,0
3.6283192398243065,0
3.5905954422422677,0
3.7281325464639132,0
3.7454426052214522,0
3.7255490389728645,0
3.679583016944775,0
3.688989210878629,0
3.6461764809606514,0
3.633823169673408,0
3.669632897791029,0
3.51544840100001,0
3.5720620563203047,1
3.6073572931613196,0
3.654427295218322,0
3.640008458686393,0
3.616363461980229,0
3.570807260215158,1
3.6210305456496186,0
3.695482848196702,0
3.6842830137839213,0
3.7089604828400815,0
3.62767146815734,0
3.5185434473575565,0
3.6323416900192695,0
3.5691302031331498,0
3.5246276129470937,1
3.5759340965520603,0
3.640896851812982,0
3.6609729404687736,0
3.6285992893487187,0
3.6639168129137962,0
3.5759510766189075,0
3.650371162119235,0
3.6126772578546884,0
3.63643182394381,0
3.6397286029944795,0
3.7701104495094477,0
3.7657496989891697,0
3.8143740711404384,0
3.7979735772434604,0
3.7071330639105082,0
3.5446379104165944,0
3.6484548540476913,0
3.566183448556586,0
3.621333438591681,0
3.525065805901468,1
3.58687160027578,0
3.6466547415726858,0
3.639932686052446,0
3.6453304357640244,0
3.5725269282125156,0
3.7329524374445326,0
3.7082786129206093,0
3.609669245002401,0
3.7166759639349514,0
3.5490782673545875,1
3.637619401300003,0
3.6966832762657753,0
3.6801891582450788,0
3.6332050362948203,0
3.5927157373141134,0
3.737338369382342,0
3.73203472526989,0
3.706814539753859,0
3.713920924833054,0
3.5493993029356403,1
3.688051028119343,0
3.6269174684501553,0
3.6677422699349482,0
3.632100600499827,0
3.6323066413049006,0
3.5599361450398326,0
3.649147312350033,0
3.628291423499838,0
3.5990632649941547,0
3.625361704166831,0
3.6986394194884054,0
3.7222550572458903,0
3.719533044300709,0
3.695234756968457,0
3.6439189158414207,0
3.57701670963882,0
3.6597357231853556,0
3.6913342138733323,0
3.5514008654078184,0
3.658181621817169,0
3.6521641239073417,0
3.696338792579465,0
3.6308958102566278,0
3.685034687579659,0
3.6755826237456426,0
3.6307189141708918,0
3.702380838902086,0
3.657628965786497,0
3.7000875389829626,0
3.6558729648344492,0
3.7075869774978583,0
3.6561877540603254,0
3.6473728917546366,0
3.6893442060019326,0
3.6530207304985236,0
3.666828059467263,0
3.6876558515731808,0
3.6407018579033346,0
3.640283724493334,0
3.626713817004322,0
3.589230561325148,0
3.707856105445111,0
3.6811474010585306,0
3.687476288890706,0
3.679133093392534,0
3.642727063985637,0
3.5380095633219564,0
3.582955287829616,0
3.6149548548194854,0
3.630331615197533,0
3.635585516047153,0
3.5737606976775864,0
3.581772247912145,0
3.601401906168901,0
3.5892187228027637,0
3.5806919509078794,0
3.6794799068928206,0
3.6489190954481945,0
3.639652697516925,0
3.5560805425247866,1
3.6369116864572266,0
3.6838060461309263,0
3.6517392643307085,0
3.6677832617343453,0
3.638872166840635,0
3.6691868351604007,0
3.626793708935511,0
3.7562582130250917,0
3.6931430702968333,0
3.7411993969224007,0
3.6140741486420174,0
3.5746817601936605,0
3.6075223813035975,0
3.622704967308953,0
3.535128597103627,1
3.647768866159849,0
3.707440489981806,0
3.708046132111954,0
3.707205480397054,0
3.5695872907169814,1
3.5515498322562227,0
3.60190255030672,0
3.674264254660806,0
3.678198422748495,0
3.6912980404910765,0
3.543023740909232,0
3.6997667848719265,0
3.600025434952554,0
3.69018782423118,0
3.7045638233372413,0
3.7015513209057405,0
3.686732947440226,0
3.7060194019411363,0
3.746243565119011,0
3.6778288228834914,0
3.728766615849319,0
3.6834229392306597,0
3.683628381926802,0
3.730291810203484,0
3.7379379040073726,0
3.663655642874171,0
3.6412026230417096,0
3.6328301204155364,0
3.66572554371293,0
3.610100691529167,0
3.7137349508018342,0
3.6999703070149303,0
3.7095209369949504,0
3.684895717429148,0
3.731733956250357,0
3.6339917629311698,0
3.546231475001159,0
3.538732060564777,0
3.612735427429254,0
3.519628531463255,1
3.644785356199889,0
3.6615704370884607,0
3.5898281667333176,0
3.6507722016144326,0
3.6504100085615354,0
3.688000543509762,0
3.6709299317347988,0
3.604710563995804,0
3.6527278460648547,0
3.6787272618447195,0
3.7228906717542696,0
3.706186080682579,0
3.517268290812451,0
3.743525158574669,0
3.751828221675272,0
3.6255658125129315,0
3.680448141232906,0
3.708700061197141,0
3.659399290837425,0
3.6373913896044945,0
3.7073262111605674,0
3.7358971847409403,0
3.6628229191490593,0
3.7118274490519116,0
3.6865034648364348,0
3.626816661740057,0
3.5883206499454343,0
3.604958579667743,0
3.6642706312959152,0
3.680785267244403,0
3.7310181128967645,0
3.7688374164371385,0
3.75223490339235,0
3.7475887942082,0
3.679632384998991,0
3.539902373420217,0
3.5520642250141696,0
3.6112426337697356,0
3.6084287161556996,0
3.515838612155646,1
3.705463058960444,0
3.694284802721308,0
3.6118365186787385,0
3.6696358828457307,0
3.5709694172416486,1
3.544045495691339,0
3.597567955687287,0
3.5814362839455978,0
3.655807793337857,0
3.511961225499414,1
3.80132570557798,0
3.775531005624408,0
3.747259126419254,0
3.7234064754536047,0
3.740447231217166,0
3.60603318453174,0
3.609367823971791,0
3.6244464010460846,0
3.6256439478852913,0
3.6074285213747936,0
3.668348962014371,0
3.698406198860261,0
3.699635894133287,0
3.649193425884964,0
3.6138906224167573,0
3.5877200880361686,0
3.6455147121974356,0
3.6679743186068605,0
3.673045743912501,0
3.5691815955644652,1
3.7424359234742317,0
3.7531671510666182,0
3.7474989714987794,0
3.580938170807873,0
3.7127843032619037,0
3.6251568591554757,0
3.701189552102628,0
3.6916511013451268,0
3.6662968916125664,0
3.6510859959455737,0
3.6990452544149512,0
3.706760303589509,0
3.6223320203851053,0
3.645684935177331,0
3.7214614881681136,0
3.5626381473269473,0
3.5847516631394933,0
3.5841642961651736,0
3.5390400846765244,0
3.509973272352169,1
3.559987982453527,0
3.6369502854633056,0
3.6157631851935967,0
3.6420322895547246,0
3.522604282915033,1
3.6693244176890873,0
3.7233856251559065,0
3.6663588554591167,0
3.724829372540318,0
3.7017436709643055,0
3.755618005804048,0
3.763133785969415,0
3.757049089451679,0
3.681707835343578,0
3.570549836259457,1
3.6405309280797145,0
3.690724365933801,0
3.6022994269888287,0
3.707892358874096,0
3.668232921763141,0
3.6813528998035783,0
3.6374988372574544,0
3.651439724541969,0
3.7118007978098797,0
3.684483103126631,0
3.6044724547334397,0
3.671522659164031,0
3.677990774016151,0
3.6070547481308775,0
3.5991137169898595,0
3.7035529939490934,0
3.7014107570675026,0
3.7077221030968275,0
3.72289564922114,0
3.7094739847147595,0
3.57119446625698,0
3.6514244699068055,0
3.7124550059314734,0
3.6349747945950512,0
3.7210472669114263,0
3.7097009994688372,0
3.7377788324847687,0
3.712566467782645,0
3.6885829477465717,0
3.695536064096767,0
3.6403387065589246,0
3.725725353770126,0
3.7279811115269963,0
3.6529213662400153,0
3.528848943902761,1
3.727411668926991,0
3.6479658466826868,0
3.705639236482382,0
3.642265960979164,0
3.725361681480051,0
3.6842558451443117,0
3.7030338408923833,0
3.6758739535863523,0
3.6806786582910185,0
3.6693465100508322,0
3.5943604430803493,0
3.658695194086688,0
3.69271554094162,0
3.6857317975906585,0
3.6433793426715475,0
3.7150243806535075,0
3.658599429019969,0
3.7123804366592346,0
3.700253050695985,0
3.683205804601285,0
3.661637850709172,0
3.6069160986191955,0
3.7015882130381774,0
3.646293296268739,0
3.6720825314052603,0
3.639771783368755,0
3.6674052852083405,0
3.6748160015977818,0
3.6610225257913354,0
3.57306117607105,1
3.6057986587571516,0
3.6220991698897294,0
3.6539326042179376,0
3.6781326523789004,0
3.566982708288799,1
3.940386995948777,0
3.9457619120077636,0
3.968379599673518,0
3.9699415941174685,0
3.9661865400078598,0
3.866702627996573,0
3.911775436824248,0
3.9238389285961075,0
3.9245678199026215,0
3.8903294317752897,0
3.9284329781128418,0
3.917181353351119,0
3.946168974408307,0
3.944156349048917,0
3.928891338413459,0
3.921009582597881,0
3.9430215307314445,0
3.9239302723716474,0
3.9381301197028895,0
3.9359783737090703,0
3.8703929068950162,0
3.920726565160862,0
3.906595626014958,0
3.9104995310945156,0
3.888513715779928,0
3.8343076994569913,1
3.934895087598667,0
3.9367320075659022,0
3.9334331257690964,0
3.9293253376961723,0
3.9178001003689733,0
3.941834368908403,0
3.9330104164001654,0
3.9403075923528084,0
3.941480490973189,0
3.947712495370731,0
3.9558444433659665,0
3.9549944214053645,0
3.933445542324606,0
3.932285892269045,0
3.9374652243045847,0
3.9252769346836796,0
3.953336257400502,0
3.9508979300609246,0
3.9310232646455536,0
3.9264353898584208,0
3.9486431999815172,0
3.9360809835426123,0
3.9559578552789167,0
3.957802121163532,0
3.8598404415731364,1
3.936297592997686,0
3.932544572093879,0
3.934168235857587,0
3.9256242307819513,0
3.910093195416959,0
3.918300274299033,0
3.904437312734417,0
3.9242067144305386,0
3.907155681911766,0
3.8548280797214995,0
3.889319950780058,0
3.9047538732028357,0
3.9059770263068954,0
3.9002762072363506,0
3.9379068327469247,0
3.958286995867713,0
3.947661109365355,0
3.9646824159474376,0
3.9561537509870233,0
3.835059342183677,1
3.9195556171331813,0
3.9249048335936485,0
3.935980497153573,0
3.936177158636004,0
3.914035431583896,0
3.9307103186589956,0
3.9477792178270765,0
3.946480207986697,0
3.9500513325156668,0
3.8556747095415824,1
3.9180322556280087,0
3.891286024473233,0
3.906775854374865,0
3.916024450069119,0
3.9097229351202483,0
3.916484829390567,0
3.9297856634387087,0
3.9072812132128156,0
3.9386613659295087,0
3.91310993037458,0
3.8846865968340385,0
3.9259627364750327,0
3.883262830902734,0
3.9231755703599505,0
3.857112384308803,1
3.9056363104525134,0
3.9208598185428185,0
3.9169400412825355,0
3.904762082687538,0
3.8861241018989015,0
3.8735546843050446,0
3.9009983208775663,0
3.8959277804467387,0
3.8955053881446426,0
3.9346844360677626,0
3.943373618508308,0
3.938725785352322,0
3.9394578198066013,0
3.9328963447384004,0
3.9297359302421637,0
3.8843625823713825,0
3.9182165718173247,0
3.913768022077921,0
3.903312876629114,0
3.9725183806672475,0
3.9672962992170095,0
3.949902919917817,0
3.967931136685502,0
3.968061875168055,0
3.8502030701550227,1
3.872231507202898,0
3.864371503336136,0
3.8789178927613928,0
3.889640793548168,0
3.9218389943383594,0
3.898018391293733,0
3.8884577579552513,0
3.91376655719404,0
3.9138317068438506,0
3.932511093114931,0
3.940299868716224,0
3.946108480243306,0
3.9342677054362167,0
3.9102694529107014,0
3.9497476196021144,0
3.934838138772501,0
3.9462594168728673,0
3.92519716215574,0
3.9258837260285477,0
3.9444241403841507,0
3.9566457704197036,0
3.933998908607269,0
3.9563824823477485,0
3.9505998394209687,0
3.914159612146535,0
3.922332932566425,0
3.9126494235114566,0
3.9195454584002074,0
3.8888968296583424,0
3.9353977474882216,0
3.9196199996068835,0
3.9379743517586694,0
3.9103582002377584,0
3.9360944221758385,0
3.9718568014157003,0
3.983281067228785,0
3.974352057543865,0
3.9799512178173098,0
3.9829007357659867,0
3.834456679360592,1
3.9043194030367405,0
3.903640353613909,0
3.8839489957339155,0
3.8897954367332206,0
3.9470572554057535,0
3.8959212440032878,0
3.9312063915181534,0
3.944759022570177,0
3.9512815573599536,0
3.958382610286298,0
3.957414743734599,0
3.933511325680506,0
3.9667926836828267,0
3.9648017957738033,0
3.91678022001874,0
3.922940361589735,0
3.9015826896784995,0
3.8526890179449427,0
3.9001881192846843,0
3.9677121424139306,0
3.969218081470456,0
3.9819501678595817,0
3.9822709652800987,0
3.982004288117961,0
3.8556985730388407,1
3.9218245490984387,0
3.9030001293207115,0
3.9260356345822736,0
3.916914482727307,0
3.8530443449813756,1
3.915871273507723,0
3.9015272370829988,0
3.901815893683555,0
3.909133735615498,0
3.8340743762114453,1
3.9359187888216436,0
3.9336261350957114,0
3.9287540277907564,0
3.9268482159081692,0
3.8989203418049168,0
3.9538548547493715,0
3.9513013477054244,0
3.924131169758111,0
3.947764477208311,0
3.9491736150838803,0
3.94907518197053,0
3.944797605520543,0
3.898599800380248,0
3.939087574857661,0
3.90098344830172,0
3.9360985950234286,0
3.884828473560016,0
3.9421620845156173,0
3.9425904356431,0
3.964974101456972,0
3.9671114694964817,0
3.9550237495764042,0
3.968004571185792,0
3.9479379226896727,0
3.951173017454379,0
3.945314533845529,0
3.9530656922625655,0
3.944403148108394,0
3.9597728459457486,0
3.9134432330463484,0
3.85435193629395,0
3.9007689099137166,0
3.915602243624859,0
3.920794736499665,0
3.843016033249682,1
3.9449563908468956,0
3.9440210675758114,0
3.941086798132155,0
3.9484145448480965,0
3.9428996305451345,0
3.952375013063281,0
3.958598483462704,0
3.9272458540386386,0
3.9537919736653717,0
3.925960094778699,0
3.943354873360095,0
3.9491829002770014,0
3.9384589382993136,0
3.9296314483887875,0
3.910890134993289,0
3.922037137923976,0
3.94022251003894,0
3.943500450854911,0
3.9266260118387533,0
3.959071165311203,0
3.951243968521019,0
3.9648142025076867,0
3.964496176786267,0
3.9428341406356084,0
3.858361426904021,1
3.911275973003882,0
3.928895870229829,0
3.9289066572763436,0
3.9294853384793824,0
3.9312961522783048,0
3.915348889860788,0
3.9334089679884077,0
3.8891972442958913,0
3.9121085779267566,0
3.9192336129004106,0
3.9328933001226516,0
3.895444051189199,0
3.9391725505177044,0
3.927724570824949,0
3.924131662286451,0
3.922639528744899,0
3.8815380182842314,0
3.911792882444143,0
3.91411773516286,0
3.9272641134199797,0
3.926773671305208,0
3.8950611982867427,0
3.9240086980594073,0
3.9332516875750967,0
3.93481895836625,0
3.8945596185303746,0
3.932737960647544,0
3.9289326254215897,0
3.920121021040777,0
3.9740161972673893,0
3.974881075072108,0
3.97017267610295,0
3.972895708172085,0
3.9801235563522592,0
3.899963195449748,0
3.962433937600203,0
3.9640998203460893,0
3.963460247156039,0
3.9540540215300513,0
3.938878017144787,0
3.951150724160643,0
3.9569468471045735,0
3.960444179344709,0
3.950185579469382,0
3.9357972506784384,0
3.912025595352235,0
3.8836105943990136,0
3.9299156574693477,0
3.9311867871705397,0
3.857202198025868,1
3.9206531171308465,0
3.918202144424833,0
3.9215831948258897,0
3.921153300467348,0
3.95071178541699,0
3.9556655674268364,0
3.9333514670555703,0
3.89998805940923,0
3.956533824175424,0
3.8568351827639447,1
3.860996606546794,0
3.8874949198361746,0
3.8626141449843616,0
3.8853446977208517,0
3.8408640793453945,1
3.9425279779937354,0
3.9476954593344566,0
3.937295228021696,0
3.9450146678965505,0
3.927647453680575,0
3.884314306182857,0
3.9373859146181536,0
3.9359296244584874,0
3.9455774066844707,0
3.9295457462836163,0
3.9051818046857223,0
3.896124155803923,0
3.9373048086570446,0
3.9286783881519782,0
3.8941352970792966,0
3.9015890004667835,0
3.9118754463879535,0
3.9111858039796417,0
3.8724507354352675,1
3.92732750745645,0
3.9400154755461547,0
3.923577684699883,0
3.9384772405772024,0
3.8865320022314696,0
3.953465314082371,0
3.92996694156745,0
3.952641701186081,0
3.935423383340339,0
3.9349958835188574,0
3.8698031188614648,0
3.9098218782892027,0
3.896604842842477,0
3.905259851378542,0
3.871600848786666,1
3.937741386540154,0
3.92485609195068,0
3.923083608285239,0
3.9172525010316317,0
3.927565376549733,0
3.9397503051192975,0
3.908828777364359,0
3.938286836005219,0
3.912143324671088,0
3.9275361913289633,0
3.9523063208532556,0
3.9520390051710237,0
3.9342960592692364,0
3.9426060218422325,0
3.9574593541586,0
3.9145211898313836,0
3.895887148553543,0
3.876549880903456,0
3.9006598017690886,0
3.900244089675884,0
3.9449186320086502,0
3.938839340854191,0
3.9006698801539987,0
3.9233792650311,0
3.942318640805196,0
3.8689563074189244,0
3.8734282261475514,0
3.8724469259699115,0
3.890289614457396,0
3.8718962487393265,1
3.968422203435813,0
3.9644022344345995,0
3.9283665892090465,0
3.9669539620187226,0
3.9564782608252513,0
3.9216523613917382,0
3.9138999079893537,0
3.933300753885026,0
3.9238635666284774,0
3.8673499523269994,0
3.842755727602831,0
3.921727065905529,0
3.92005611120519,0
3.911531955033204,0
3.922161419029144,0
3.904967866182595,0
3.9292204440824903,0
3.934631454868713,0
3.9042337297932375,0
3.936580813899913,0
3.9223861185916746,0
3.89404997692987,0
3.9359192667230873,0
3.9149530448886902,0
3.9337202524179213,0
3.9439272273410033,0
3.924100431377414,0
3.946408497355714,0
3.922972029829788,0
3.9299997643805837,0
3.937366998486763,0
3.935585413243104,0
3.9447404907832553,0
3.9497448810035163,0
3.94645486788076,0
3.923540144748405,0
3.928398620443502,0
3.948558490025868,0
3.9496669755687672,0
3.9496933783052532,0
3.9376700966318032,0
3.9454284729907982,0
3.93287619742314,0
3.9439788388206227,0
3.8598621998185756,1
3.9426767374756295,0
3.9438485932914054,0
3.9375656198986255,0
3.9248265516228784,0
3.923762025988823,0
3.9341847918180686,0
3.939381211186714,0
3.922321751701175,0
3.942785644589006,0
3.9166323873227062,0
3.9558594705623142,0
3.961173684641835,0
3.958859374654189,0
3.953616170850141,0
3.961944970516327,0
3.9424491507334487,0
3.9333723310318964,0
3.9457843030117368,0
3.945276899535581,0
3.8425325538140576,1
3.8926572806783635,0
3.8940456358441824,0
3.875566609158139,0
3.889523283776955,0
3.8590472981777273,1
3.9553942700219284,0
3.9630223283481882,0
3.9462946213833052,0
3.9548185781326524,0
3.964370125937139,0
3.9243657271660104,0
3.941584292967622,0
3.942508356523683,0
3.9388148058975823,0
3.8960681872899507,0
3.953040714237416,0
3.954486385907443,0
3.9513066072352983,0
3.9658479826336768,0
3.9651210119846843,0
3.929119168203811,0
3.9489632898306217,0
3.940641201802871,0
3.932982558071293,0
3.9505004377983157,0
3.9680224684585346,0
3.965071485778444,0
3.9702358797346715,0
3.9581584052313907,0
3.9732574276806996,0
3.9499705276342607,0
3.9518887677626076,0
3.9519989374336566,0
3.862842299527162,0
3.9518545474370073,0
3.939447229485721,0
3.9575074481781787,0
3.959698037028461,0
3.9546668027912797,0
3.9364042627298095,0
3.945509774445261,0
3.955524221675733,0
3.960172996887857,0
3.9502036390731505,0
3.9323524763277677,0
3.9535805316632695,0
3.946429792460378,0
3.964397327975011,0
3.9650061222306165,0
3.968016478510705,0
3.8975926596540584,0
3.915432433929498,0
3.915440424369674,0
3.9104589462285393,0
3.8448864608706224,1
3.9325337414742507,0
3.918190040067251,0
3.919512858394547,0
3.921280061584981,0
3.924912635866964,0
3.9658123789474766,0
3.9529718534032754,0
3.9658695516957474,0
3.9267594138666615,0
3.9661645716226266,0
3.948116337580871,0
3.9470514833071015,0
3.917773911640616,0
3.887132678232306,0
3.939558766999158,0
3.8677944726253854,0
3.898962324027395,0
3.917113957324242,0
3.915029327387792,0
3.908361855537461,0
3.9137967881394777,0
3.909746673560015,0
3.9002172144708656,0
3.8668249325929813,0
3.860123192589001,1
3.9607706394176048,0
3.960876535289026,0
3.952463873756388,0
3.935085546457796,0
3.960913581917021,0
3.9537201666362343,0
3.9551120992915947,0
3.8976674277147882,0
3.9569473836673783,0
3.9304988521714646,0
3.8921202559925887,0
3.932220736677889,0
3.938513444664276,0
3.9317712783933216,0
3.9271665599213117,0
3.93138301354456,0
3.899977790453715,0
3.93515352524661,0
3.9380001605732113,0
3.8672047664100386,1
3.8812898103240374,0
3.875039316069805,0
3.8875823488065926,0
3.865319532991189,0
3.8994337853179153,0
3.9226411518503097,0
3.9003918790343217,0
3.905980847898218,0
3.9196377006041727,0
3.92678606245831,0
3.9387464139388606,0
3.9016503365763207,0
3.940906496574688,0
3.916305258319372,0
3.942568866037822,0
3.8614978073415136,0
3.918381850697676,0
3.917669316484184,0
3.8969925223354864,0
3.8628399086525818,1
3.8738542707525467,0
3.9054575902521593,0
3.9081789318474005,0
3.873389096563579,0
3.8648121744424575,1
3.9152385850090714,0
3.905239938715168,0
3.918584980239868,0
3.9185716771017054,0
3.870565111996089,1
3.889268629136018,0
3.8843821467653323,0
3.913515415438458,0
3.9216185224181115,0
3.8962696805034556,0
3.9175895506952556,0
3.918780796123877,0
3.9101200741297277,0
3.9163832536197463,0
3.8440508582182313,1
3.9556151169030658,0
3.9561928600238323,0
3.954890719746249,0
3.942954248159792,0
3.933897267740125,0
3.918383270188934,0
3.8763336810486715,0
3.911484960945024,0
3.920490191965671,0
3.836663862795314,1
3.924674483271692,0
3.928040169862146,0
3.919199649685136,0
3.9284981577821747,0
3.874264521960725,1
3.9591130329447446,0
3.94688601316755,0
3.9396200793727933,0
3.952868387717578,0
3.948642070134238,0
3.9424379611778155,0
3.953815098880954,0
3.928033243659539,0
3.928847730206229,0
3.9487892155558058,0
3.898664251088659,0
3.9098640462006733,0
3.9118908597355895,0
3.8847311217847817,0
3.8803291390017502,0
3.8965653713220614,0
3.919509128887791,0
3.912437567969508,0
3.9226200971656873,0
3.876328927259479,1
3.9707528082425356,0
3.972038467942605,0
3.9644278704058795,0
3.9691469704693465,0
3.9355207903481606,0
3.9783567083356774,0
3.9792463558995737,0
3.977938426479574,0
3.9787221071359404,0
3.9716426242195753,0
3.932931391685426,0
3.948299218789324,0
3.9485931895558215,0
3.925358365388768,0
3.949120666626551,0
3.941927994681664,0
3.9418133263188437,0
3.9496685963680886,0
3.9551361551313584,0
3.936598116231359,0
3.862396555285016,0
3.940228504606766,0
3.9392470103790993,0
3.9234279505676874,0
3.941752368725122,0
3.9735061518615993,0
3.966862367679475,0
3.970368350543136,0
3.964212788723585,0
3.959276726564684,0
3.935201896607611,0
3.9397965493188467,0
3.938693550502424,0
3.9502132554105085,0
3.938856004284916,0
3.900713111024777,0
3.9303048423828835,0
3.9231943775032425,0
3.9155598161524385,0
3.876756113798286,1
3.554527724744012,1
3.5913800787853476,0
3.569186648341966,0
3.634458835904626,0
3.6362232923263127,0
3.601771935325835,1
3.68069200772462,0
3.6399869494480592,0
3.696119363635841,0
3.719702908464244,0
3.717650902429081,0
3.514758531061421,0
3.7456388428117213,0
3.7234803486652956,0
3.709568519207172,0
3.7376432189351667,0
3.7470391128216622,0
3.583634821650352,0
3.743527085224714,0
3.7053625893329594,0
3.7576067044460246,0
3.7865740756100807,0
3.733487998705284,0
3.7767364937170855,0
3.6928674530119068,0
3.6045004740346336,1
3.7024597726468995,0
3.7038773303633183,0
3.6916538212369403,0
3.702870973958102,0
3.5588019214668147,1
3.5649455155499754,0
3.577233243708503,0
3.591588021590496,0
3.583640607712346,0
3.5566254901716396,1
3.670651268015747,0
3.6524452046848666,0
3.670038180034488,0
3.576906171233692,0
3.5977015972210515,0
3.665450805246681,0
3.644827907931405,0
3.6480641030819623,0
3.598341196703553,0
3.5801966173461004,1
3.693446331810096,0
3.697481340161321,0
3.686459090597297,0
3.7121889350880735,0
3.5795725786677015,1
3.6511209351955527,0
3.5789780625670513,0
3.66973134593838,0
3.6599659799398165,0
3.639147736442518,1
3.6644794930504276,0
3.5335378578800656,0
3.6652698903061074,0
3.5897720989063,0
3.6123087520205157,1
3.7123098351769794,0
3.7494634253154153,0
3.7199097379354726,0
3.7296154716792564,0
3.559636192508729,1
3.689877363972033,0
3.68124926823044,0
3.6715450045394205,0
3.6375362210429922,0
3.680776673253196,1
3.7533836230068944,0
3.6302357581200377,0
3.7716563652850486,0
3.7685545468704342,0
3.5569912780769917,1
3.6137228142689004,0
3.622337784557421,0
3.554812068329448,0
3.65864138059733,0
3.675264748388282,1
3.7340123489417127,0
3.7207838245635316,0
3.5675717755128202,0
3.7167843466231156,0
3.6635013496881443,1
3.7222219631330473,0
3.734443067769509,0
3.743426755538085,0
3.652068132087181,0
3.7143540169306895,0
3.7619007778933278,0
3.7050298308467244,0
3.7397935011575685,0
3.7452403870176614,0
3.5517244282197074,1
3.6198872977887975,0
3.631389286998632,0
3.666546414634361,0
3.684929541634461,0
3.6223641534119086,1
3.6550840369680686,0
3.573607942393796,0
3.623023544115874,0
3.643000978503431,0
3.6950535421371935,0
3.65592569486189,0
3.6527290081861072,0
3.717233310033588,0
3.728243674348191,0
3.6732821528401494,0
3.6719710428303225,0
3.636516275914062,0
3.6142628382745485,0
3.6910501120927406,0
3.656842021025689,1
3.7108533797470082,0
3.704369882537148,0
3.66075413878157,0
3.678712969067504,0
3.6155817504044587,0
3.6274044040759694,0
3.623132000398749,0
3.6379064986670056,0
3.629507185597158,0
3.6280856952752023,0
3.7207085102082704,0
3.6823605044093544,0
3.717437485594301,0
3.7501155921684397,0
3.6222474869454504,0
3.686184642323141,0
3.771236460748341,0
3.7727324199045236,0
3.787853255939952,0
3.605498651964944,1
3.6972523178149546,0
3.6722760965358323,0
3.6543229937468977,0
3.688209259287244,0
3.637036773060912,0
3.7033341929836174,0
3.728311138681991,0
3.636828516960401,0
3.7136043106300742,0
3.651792733855567,0
3.633651303162802,0
3.6405453453034538,0
3.65499173764162,0
3.637348458714557,0
3.6434730279025027,1
3.6655075484290442,0
3.5829679926272124,0
3.7060854027389745,0
3.681815134682794,0
3.7668181906336087,0
3.7644980701656285,0
3.79792838386243,0
3.782855995941093,0
3.7355237584658205,0
3.7144254851300063,0
3.707219994218411,0
3.7148526930696235,0
3.7052809363059804,0
3.6658520815990743,0
3.671767049425512,0
3.7084368039374196,0
3.688924015784341,0
3.6791048519540928,0
3.6767879816879807,0
3.658929705306567,0
3.6473728653033706,0
3.7346940505621813,0
3.6721409769069027,0
3.7132340124891012,0
3.6394261571370907,1
3.6659576852071742,0
3.735806559094533,0
3.696139187582499,0
3.7544905009412606,0
3.682810875890107,1
3.6398339162094624,0
3.6858088577924555,0
3.5458796877362864,0
3.689028374373418,0
3.6063495311740663,1
3.667760195891933,0
3.670080547102225,0
3.6834564248235653,0
3.6416227021290237,0
3.6666053348836,0
3.6677272719817227,0
3.607548380813236,0
3.5772307195161477,0
3.6220789974888303,0
3.7346562190278854,0
3.7403388917016858,0
3.5184969060334916,0
3.7518068905915576,0
3.7596632503669882,0
3.668662342298607,0
3.6623298401494337,0
3.672104027443073,0
3.578384202405249,0
3.546783373051042,0
3.584647486415761,0
3.6566566018670974,0
3.6861036174398643,0
3.6878995202696636,0
3.6007965777479276,0
3.671162050900721,0
3.7130704685677838,0
3.608129831107324,0
3.715807346576377,0
3.7054585316882624,0
3.752042348595692,0
3.786318847627421,0
3.7371993705357296,0
3.758083116571413,0
3.628758715469743,0
3.7290461900461507,0
3.7179461140719363,0
3.7042686851689,0
3.7420627711965793,0
3.6984651285723875,0
3.560911235126925,1
3.672339279504108,0
3.6498329078880145,0
3.613142853869923,0
3.6568640875932408,0
3.669992594553324,1
3.6651827491748334,0
3.6795743850102993,0
3.7023226613941427,0
3.6835348410438744,0
3.6327866806109337,1
3.6915409414308322,0
3.702762595767437,0
3.6947898602763996,0
3.720615154176101,0
3.763652626018385,0
3.715048273734872,0
3.7719220461493443,0
3.7652570982107347,0
3.7786104199188,0
3.5796015150474005,1
3.6864154452240148,0
3.619254674257617,0
3.7201987291858907,0
3.683339486456535,0
3.6117341558865217,1
3.7206397527453383,0
3.6982916597772895,0
3.7258517503737987,0
3.5507322923659066,0
3.7203383442026743,0
3.6067769927980065,0
3.6659825929704137,0
3.707140264267093,0
3.6984322399152543,0
3.639000017723796,1
3.674082825500176,0
3.7102711993257578,0
3.6651639588317524,0
3.7076182300033125,0
3.557807123252099,1
3.713100339894745,0
3.675773562497394,0
3.6844664140016956,0
3.7123854510808334,0
3.6673908351128204,1
3.7148125279286055,0
3.7358634863841376,0
3.7596126591853967,0
3.7344924527969434,0
3.6741394215726593,1
3.7069774835683864,0
3.6546880866060985,0
3.7313535632255594,0
3.7244044927299926,0
3.6439608936955024,0
3.585733959774525,0
3.6626086381463914,0
3.647008686988051,0
3.6051205719306,0
3.643049235114779,1
3.72676498489263,0
3.71322122239419,0
3.7190612323495453,0
3.719538557285481,0
3.7377944720272414,0
3.7375553015675607,0
3.7255640329281023,0
3.707466627936781,0
3.7085865684053667,0
3.5624747209074608,1
3.6715439120052347,0
3.6544339564614057,0
3.6756383074560626,0
3.662345531931349,0
3.6871279985410745,0
3.5709170503000305,0
3.6846314686605592,0
3.6632497341094306,0
3.701244509056236,0
3.5538425474001882,1
3.6736243232860497,0
3.6584652629396706,0
3.5426385995812755,0
3.680193349881975,0
3.666360742112988,0
3.6015895981089203,0
3.6829797195227965,0
3.644259914544632,0
3.5527681724229097,0
3.7152249390064593,0
3.665076015553269,0
3.7258551022013267,0
3.730925367619384,0
3.7364286992101032,0
3.601799905867953,1
3.674499578777331,0
3.683825811619588,0
3.694642349513198,0
3.6568260294302943,0
3.655300728525351,0
3.6738296616310797,0
3.647513348962512,0
3.6345893957083995,0
3.594863559817514,0
