3.6454591100489293,0
3.5781853288416787,0
3.671141606545179,0
3.6199679106904066,0
3.6320038045765863,0
3.720389301311837,1
3.655180417052711,0
3.7400384932692674,0
3.7157777407263732,0
3.7108495917411015,0
3.6273821435977216,1
3.740662477198795,0
3.732217984271751,0
3.7327750611575596,0
3.6619283991442284,0
3.7636481869428646,0
3.7998962826952494,0
3.6655291135091446,0
3.7353564214554313,0
3.798096279431612,0
3.6271681211410525,0
3.6643805141184598,0
3.6688385793055716,0
3.6373913061327463,0
3.663684974511097,0
3.6450092156692224,0
3.5913736190502514,0
3.6328285326976446,0
3.640993151889245,0
3.6370045215735853,0
3.6179480827552646,1
3.6479071269488452,0
3.6866417118414527,0
3.6839522596212264,0
3.6940280188959247,0
3.7378602870106574,0
3.76770765082895,0
3.7070581204596276,0
3.790151006068073,0
3.7659939938071365,0
3.699540257746569,1
3.7422762602877397,0
3.644943087651705,0
3.6739325618761844,0
3.691458694742694,0
3.630370247462226,0
3.6124403780179226,0
3.641317598479318,0
3.634392213380665,0
3.5999338976243354,0
3.783806206835065,0
3.7797399663589513,0
3.582686679676737,0
3.7225239481452754,0
3.7569710576159574,0
3.595237759388528,0
3.592462881003648,0
3.605103272670153,0
3.6010242789075604,0
3.6221903639242328,0
3.663681270357535,0
3.6570751554621777,0
3.6815707652929976,0
3.7127251004836013,0
3.674747934871783,0
3.655369797863303,1
3.6279640384140937,0
3.753032032874444,0
3.719207612654706,0
3.7329977621359616,0
3.6925769196604254,0
3.7200505732791154,0
3.7042453336214693,0
3.678875172489725,0
3.684096752159541,0
3.671648549175494,1
3.6650545214301857,0
3.717779439984997,0
3.6953657178371877,0
3.6920843207008165,0
3.6979959433512155,0
3.703152932532311,0
3.7221784188935354,0
3.6637969508732238,0
3.640462620266484,0
3.738024401931258,0
3.6999274453768396,0
3.751256284413169,0
3.716929330905714,0
3.6616619589964037,0
3.635995246709593,0
3.6369349069035035,0
3.6669025028714484,0
3.7185381197295975,0
3.710914926714339,0
3.6761525800513954,0
3.6880530980901116,0
3.5948218708593487,0
3.6116569749245926,0
3.7288938871363357,0
3.6200341009701824,1
3.6506157019386962,0
3.6691131298072888,0
3.6694607988279535,0
3.597264071697364,0
3.5871934995562182,1
3.626279874889373,0
3.698744604693288,0
3.7085091707682167,0
3.6852602075015426,0
3.6419452614976198,0
3.6205012653097763,0
3.6276074575138884,0
3.6136783475214305,0
3.619682502985392,0
3.517512883913936,1
3.539428728861014,0
3.651268581539277,0
3.6199036929489687,0
3.6038680415792155,0
3.610909611333371,0
3.64479006995478,0
3.6664933259574393,0
3.69368243237815,0
3.5557788535279444,0
3.652501741688329,0
3.640189138403815,0
3.6326684401218428,0
3.6976204347180577,0
3.6835120409650615,0
3.659005868307207,0
3.690661634050907,0
3.6696157772907436,0
3.5034993112009687,0
3.6532272904652885,0
3.640871525545782,0
3.6828594528636205,0
3.688591320674531,0
3.6919197386929277,0
3.6881240828736095,0
3.558877907361497,1
3.660037745479106,0
3.653686070376359,0
3.608861580852244,0
3.654290178271011,0
3.618012805715763,0
3.548478373310568,0
3.6673379974630036,0
3.6737329500888385,0
3.6145512772497286,0
3.569260735152845,0
3.6466566826548004,0
3.5552703043411555,0
3.624811554491041,0
3.59874853173888,0
3.684621896038317,0
3.6551227132541073,0
3.6674598177413853,0
3.6679160617414412,0
3.695442024014101,0
3.7416393796439698,0
3.706825598758335,0
3.5804130492166033,0
3.746718785379248,0
3.7717486131673,0
3.5326804471315154,1
3.5287053333654232,0
3.58335799987025,0
3.554959164719159,0
3.5388878990984916,0
3.621933243692742,0
3.5611601247812876,0
3.7431455046800943,0
3.7338323492636607,0
3.6982223567951205,0
3.814228796852951,0
3.641623677591432,0
3.7941830769798934,0
3.7934498272352735,0
3.80008412001647,0
3.570103892804112,0
3.6272036696508207,0
3.5353937585813098,0
3.59400937970534,0
3.6520776574661573,0
3.7534241810730675,0
3.766818840065496,0
3.707789178526254,0
3.7569748514695567,0
3.7204240682554417,0
3.680574171017124,0
3.712055737714657,0
3.6402084141060067,0
3.7090970973070405,0
3.7014295217507067,0
3.6325803356817747,0
3.6431494233387998,0
3.6547075437544305,0
3.555023021715938,0
3.6168359110442494,0
3.6102105203940815,1
3.608930467232389,0
3.6453698383626274,0
3.6421157270866193,0
3.6227242251935907,0
3.63556871880595,0
3.635614504032852,0
3.6008763520851677,0
3.563027451198598,0
3.5804274309381183,0
3.7096776344755313,0
3.718974198105986,0
3.6730858416607535,0
3.692364928312887,0
3.6072373642772013,0
3.6344028996576268,1
3.708505506943292,0
3.5572639435685898,0
3.7069121968922722,0
3.6836853901000786,0
3.797197530863718,0
3.7980030300741294,0
3.77939193878173,0
3.688563314524157,0
3.7004239211569616,0
3.568295745582628,0
3.670883818367494,0
3.582165365821814,0
3.71337965046392,0
3.676519683598019,0
3.7077257024653303,0
3.7274596756620353,0
3.7169874343327862,0
3.738863198698681,0
3.621593597594886,0
3.6722029179017524,0
3.669964521225496,0
3.692112110906475,0
3.730302221135743,0
3.7009220440649404,0
3.720229817938427,0
3.741732414214247,0
3.5607087304307976,0
3.6529512794020054,0
3.731415862839754,0
3.7799692153651314,0
3.749910309220378,0
3.6889928948000485,0
3.750277904190023,0
3.7692497683120143,0
3.6554558034898044,0
3.7347460880250414,0
3.760455345799717,0
3.6964276561911684,0
3.686900608628728,0
3.6260565744628734,0
3.56340771286753,0
3.6377846782550334,0
3.652690345264425,0
3.585837100475075,0
3.584749159786675,1
3.7118343202417106,0
3.735265345498974,0
3.7254220528512856,0
3.724904956159925,0
3.6662313471593797,0
3.6526965813535663,0
3.63338422242278,0
3.7089219606548602,0
3.6630175720061606,0
3.7443024817914736,0
3.7303446461920897,0
3.6301169932732473,0
3.671213106799831,0
3.708309074340247,0
3.6361356893304486,0
3.6772878204296147,0
3.7357291288989085,0
3.643982173282893,0
3.7285932663300887,0
3.541753114183914,0
3.630825012761664,0
3.677838920233105,0
3.631113311165762,0
3.6441786242334335,0
3.608073287303477,0
3.623477994873158,0
3.678438163816329,0
3.6403568944966627,0
3.6801481414324235,0
3.8136861193027,0
3.7936029989793996,0
3.8239323909199703,0
3.762523824241863,0
3.6727784624253745,0
3.721746798916799,0
3.486907060638602,0
3.7222227711667797,0
3.6766557849325627,0
3.7389999787542427,0
3.6581121806674406,0
3.6664712129175916,0
3.5508663787918544,0
3.629367307436094,0
3.613655620536079,0
3.6528511044414107,0
3.778578838554469,0
3.748884725916551,0
3.767866486701502,0
3.7836115336344998,0
3.573775518615894,0
3.6417222176803934,0
3.5923295206152224,0
3.5885616558125943,0
3.6310059707981566,0
3.642663450560368,1
3.622956038957409,0
3.7061439946583716,0
3.65896080774219,0
3.621373024166415,0
3.6187063599311857,0
3.6764061292729293,0
3.5982616338842948,0
3.6124682779048065,0
3.657891146361009,0
3.7186214123361743,0
3.672183858285062,0
3.71009061073085,0
3.69932845125559,0
3.5540315069246704,0
3.6442556222311273,1
3.711630039662643,0
3.5468960132109135,0
3.6476803272685503,0
3.707678663286637,0
3.709253647703144,0
3.599679520102487,0
3.6133464850041315,0
3.7358071452375383,0
3.7345135139604895,0
3.673370248295334,0
3.620770083010065,0
3.710731258462772,0
3.691851588403418,0
3.5757941858882623,1
3.5675004971693816,0
3.6058427595847293,0
3.6278247795658984,0
3.591590186443849,0
3.637185539607948,0
3.6091917554146695,0
3.6207299664814414,0
3.627477009712079,0
3.6606544664390444,0
3.6057961073876803,0
3.6952989225332096,0
3.6455163134240443,0
3.6507394494384764,0
3.6608757923899167,0
3.582181010289348,0
3.6181913753543213,0
3.6059884386121444,0
3.681823882374861,0
3.670999444157452,0
3.5734484359485017,1
3.5878814720908188,0
3.5980942817644177,0
3.5567591741728872,0
3.5859373663926104,0
3.6079412078204327,0
3.5966315585532387,0
3.7168707296507444,0
3.601179977026724,0
3.6900140483457067,0
3.7295772344216127,0
3.646329285316436,0
3.623184590831156,0
3.6504638259052093,0
3.546947684333824,0
3.6299336298538925,0
3.667803722276561,0
3.656250772379008,0
3.7184225364778167,0
3.6011449018075803,0
3.6819127216534886,0
3.6672990107544545,0
3.6999521971607034,0
3.702494051316177,0
3.617338387203059,0
3.6001099767814075,0
3.645826657590843,0
3.6875851245329105,0
3.5900759937358826,0
3.6452801022351027,0
3.5705786114119924,0
3.607478513329042,0
3.6892867791100104,0
3.6837274778716775,0
3.602302279212103,0
3.7205716170600205,0
3.620741112220046,0
3.604706783023688,0
3.511442233775773,0
3.6178159871192337,0
3.5241500474214433,1
3.7085572296871097,0
3.6132587717732534,0
3.7030716882402768,0
3.635494118551675,0
3.685142914433134,0
3.571345998027036,0
3.642320914951253,0
3.678729642450116,0
3.5923832541127516,0
3.664945327094248,0
3.7808165805699323,0
3.6911421261360737,0
3.752248222275795,0
3.7544512967385386,0
3.766273348128522,0
3.703478083937698,0
3.717559511416712,0
3.7396017609520396,0
3.695728061528065,0
3.7245202856824813,0
3.7008392456152293,0
3.7262545136281604,0
3.724864876095649,0
3.6581166578415627,0
3.5683661762099854,1
3.5734710340252858,0
3.610674537723084,0
3.5832210581049413,0
3.60729051528499,0
3.5272511996038185,1
3.544718890939495,0
3.666178097750338,0
3.6481088331360354,0
3.5492802389899087,0
3.536448631917656,1
3.6473012129433946,0
3.7148681011427462,0
3.672573012560183,0
3.6721884913482983,0
3.6905558531151246,0
3.704855573481656,0
3.5568663684585133,0
3.6406505267401355,0
3.697223899830491,0
3.5502792338867217,1
3.757902762138998,0
3.836895582750865,0
3.7669393165307223,0
3.806201879013676,0
3.8433454930120456,0
3.6651693841445843,0
3.649620818419116,0
3.6556754717693303,0
3.604350894542965,0
3.532755320114909,0
3.6456255462405944,0
3.5871004748735187,0
3.600490412308498,0
3.594525217374078,0
3.6244312210717213,0
3.667802055698647,0
3.656643461327139,0
3.6839139273120995,0
3.6990598023943115,0
3.5242162518424474,1
3.6328349418219053,0
3.6453833058667295,0
3.6713454893225643,0
3.635345453748383,0
3.707245563278234,0
3.590280474965585,0
3.6000652110888534,0
3.5598803158203842,0
3.6025994892892435,0
3.617226442221518,0
3.6116952745071136,0
3.640561023787348,0
3.6257050509548403,0
3.6119673299659816,0
3.547178623246581,1
3.6258998123483743,0
3.6658381284513704,0
3.6509289718468065,0
3.589325010558882,0
3.6725815715890064,0
3.6786893138133427,0
3.6003802188584615,0
3.6337241119952997,0
3.632107013400242,0
3.6432615440664837,0
3.700227689512837,0
3.6571651634620816,0
3.672279366976998,0
3.656848056504997,0
3.677084467909776,0
3.638619799601111,0
3.6122752610285396,0
3.6101084926693163,0
3.6275224639287846,0
3.571705998100187,1
3.6659686788587473,0
3.7161609114794816,0
3.674957517842698,0
3.7025478731335197,0
3.6600846041187443,0
3.7010820002426636,0
3.5770214024710327,0
3.6973626486025997,0
3.6849744365763772,0
3.613769510296656,0
3.5785466353858606,0
3.556599724488175,0
3.515296188512533,0
3.6098568932433928,0
3.5132418012264766,1
3.7153549419999257,0
3.686204303482518,0
3.691637490044565,0
3.674332831985325,0
3.7252978961493857,0
3.6545207098572448,0
3.523540879223549,0
3.6417325530717393,0
3.6645927281563635,0
3.655043002159422,0
3.7103820605118494,0
3.717124049726483,0
3.6043250715372293,0
3.646914189876139,0
3.661041478587821,0
3.562533845063348,0
3.6540364201274564,0
3.656592020415302,0
3.5516694090571477,0
3.519759570515081,1
3.660777993245191,0
3.599435362507407,0
3.57998916651211,0
3.667902715426102,0
3.577431857851343,0
3.6574053339044252,0
3.5877476551987426,0
3.6372688660915395,0
3.573830323655049,0
3.5985413604332583,0
3.7567223424867304,0
3.665471915953414,0
3.7691942272324765,0
3.698870549335088,0
3.707044713221323,0
3.7329424605363917,0
3.7207210842276113,0
3.6499498011638263,0
3.722000115940612,0
3.5702877897468426,1
3.6075346882998556,0
3.6972115807304946,0
3.752258365880942,0
3.7444776046315584,0
3.7362324266424505,0
3.736979923524006,0
3.7517177658197185,0
3.599346695293659,0
3.769490528578917,0
3.7539800270899653,0
3.732796773574094,0
3.7554154129234605,0
3.7590967467146763,0
3.6055995372495495,0
3.7131240100049223,0
3.622159713114792,0
3.678205272629533,0
3.6991718146012116,0
3.747200446696502,0
3.7472596694579043,0
3.7542155101529895,0
3.6981326608042133,0
3.7375383306458607,0
3.68000213453034,0
3.6225109685953623,0
3.5574351279099785,0
3.564194192851951,0
3.6059372960746883,0
3.619623716315188,0
3.591906978781217,0
3.6924470496221375,0
3.6523530765376666,0
3.608886424395422,0
3.665757362965662,0
3.541545524718136,1
3.684982931335394,0
3.6307466378945232,0
3.67025127025068,0
3.697835047610827,0
3.6619306839661645,0
3.6141788190872637,0
3.6552460877565567,0
3.5389507968583254,0
3.6280410619796246,0
3.5288185339990585,1
3.6053026474043404,0
3.6994602994209016,0
3.5859294358697897,0
3.595597129147367,0
3.6265560587845296,0
3.6371318751950446,0
3.66139052637693,0
3.661796332976996,0
3.660257448654742,0
3.6764343134171225,0
3.6041849314713152,0
3.5193001486388855,0
3.6072644549575,0
3.5566813277688656,0
3.518717083968421,1
3.721762289541964,0
3.671199646706474,0
3.71522653882713,0
3.659363759089772,0
3.6884738577363394,0
3.6947526185614237,0
3.736814334073951,0
3.6910231021897797,0
3.664017325999733,0
3.741932079650982,0
3.7072944175877023,0
3.621389701768076,0
3.7221811727388263,0
3.6858232663145354,0
3.719403442938014,0
3.6412247866616396,0
3.6074742279354086,0
3.6567573775460933,0
3.5403625995580916,0
3.615697128884726,0
3.6743906303744684,0
3.646316511818072,0
3.679206041948424,0
3.671988475207353,0
3.6181336736797816,0
3.657272732092043,0
3.637226489698207,0
3.5748506332263656,0
3.5665338791468058,0
3.525844292644461,1
3.698883914946797,0
3.5882581837599474,0
3.6993112780221487,0
3.6081723149743037,0
3.6866634557908875,0
3.666787136535384,0
3.654765894619965,0
3.693185659419997,0
3.6505543715972535,0
3.573902957682326,1
3.6333463488283533,0
3.571861156808137,0
3.6213994413567154,0
3.5981642682536474,0
3.6217941518438215,0
3.966083567715669,0
3.9603216604244813,0
3.9732798153448123,0
3.9682289739631917,0
3.970541191802174,0
3.9558686576627924,0
3.941528572287845,0
3.9481574967613673,0
3.9304498280655147,0
3.95228290892402,0
3.958424091020663,0
3.949489132609824,0
3.958667216513726,0
3.9559174789568785,0
3.9522223058108996,0
3.853584982744363,1
3.932852648007862,0
3.931288884765537,0
3.93234139736438,0
3.9067129943924797,0
3.8359798134417327,1
3.914777653535003,0
3.927400370943867,0
3.9292035596483688,0
3.9185788202953953,0
3.837914218027354,1
3.9134093232324685,0
3.912286532264072,0
3.911348950588851,0
3.9087956618124937,0
3.9473377880302385,0
3.942060238472191,0
3.926132097771609,0
3.9218891038997734,0
3.934751567173102,0
3.9712535239424622,0
3.97688700586209,0
3.9524608681915625,0
3.9753094898870422,0
3.9687493691329747,0
3.8994335458761498,0
3.9252558824870563,0
3.9302376849066296,0
3.92476915780506,0
3.9100307836315396,0
3.915888182457832,0
3.9447550150995063,0
3.91704613057697,0
3.941048509052721,0
3.944408246911703,0
3.912772598284165,0
3.9047762391670897,0
3.91825129246826,0
3.894141778481222,0
3.916872159891212,0
3.859448028818456,1
3.9274113578164944,0
3.9334369843407004,0
3.912041178698581,0
3.9231568657832883,0
3.914975056619243,0
3.8930416441064066,0
3.9205151270951903,0
3.8532122714872026,0
3.9135374807420495,0
3.836395968778467,1
3.922775801789556,0
3.9094165585921266,0
3.8858965321174272,0
3.9226125988317304,0
3.947453416172451,0
3.9637798951351666,0
3.962446111719214,0
3.9546119806826456,0
3.930160730768779,0
3.8564634363435975,1
3.917917998579589,0
3.9230982215474266,0
3.9220875671834823,0
3.9094159733741765,0
3.943855099574489,0
3.9024483058187043,0
3.9538874883321125,0
3.9557301547148493,0
3.957708535327992,0
3.8623164973437003,1
3.896983950416972,0
3.890362046876788,0
3.8944457829450494,0
3.847199762930179,0
3.861608857345364,1
3.919469720799073,0
3.9019200464158152,0
3.928011407574856,0
3.9282130330301688,0
3.8358358226697877,1
3.9145911997896263,0
3.916974258369277,0
3.900270724841224,0
3.906393713219986,0
3.977840167672915,0
3.975287505683233,0
3.9783484034389742,0
3.9783642725650337,0
3.956202027979187,0
3.970673899303894,0
3.9715412343126935,0
3.9626063986540854,0
3.9678714494162315,0
3.94168713271795,0
3.8519262443478435,1
3.916975876628307,0
3.9194555139079434,0
3.920078743445327,0
3.9160090854897045,0
3.9791467888535736,0
3.970735087474975,0
3.9789727870277223,0
3.978203624344537,0
3.98190839494411,0
3.935664244876093,0
3.9480425894062865,0
3.9602168390152754,0
3.9605198492093407,0
3.9494728577779097,0
3.8387771801927966,1
3.9380175194710527,0
3.938669972884642,0
3.9272003862426463,0
3.919525311645886,0
3.8563246204686776,1
3.918473410436698,0
3.9198002030513472,0
3.9192682710691265,0
3.912512208993218,0
3.9486616069082254,0
3.9417097059825137,0
3.953994434579921,0
3.946525465745656,0
3.9186128616420928,0
3.9442758946592953,0
3.9366783079928123,0
3.943112610858741,0
3.901165757544244,0
3.9415377910136487,0
3.9051565596886952,0
3.943736905374528,0
3.940776759028234,0
3.9258757911764226,0
3.9448229928862606,0
3.9487938241223626,0
3.9623771406194987,0
3.960887713280918,0
3.9707669407829975,0
3.9657515276200477,0
3.835733084679253,1
3.909951261787592,0
3.920182369946333,0
3.9017022709819194,0
3.9147865101592187,0
3.836982209581383,1
3.9314147879082855,0
3.932475456770577,0
3.9183048855164544,0
3.929697608630647,0
3.8550482705998768,1
3.9014790464359677,0
3.8952826275467163,0
3.902979401147445,0
3.9050321172870928,0
3.954329702415694,0
3.9430390137516182,0
3.953627645360857,0
3.883141481940772,0
3.9529624435194606,0
3.972004263316301,0
3.9652272428294237,0
3.9710734744659053,0
3.969797400750582,0
3.9218880655440502,0
3.8554659571935814,1
3.913340454445479,0
3.9130704797742903,0
3.905580910671787,0
3.8808552680308233,0
3.955157337425001,0
3.936032699460082,0
3.9395375890253868,0
3.948956083560292,0
3.952725359292322,0
3.931207823241423,0
3.876715851548137,0
3.9286062212056447,0
3.9389593514965244,0
3.9419996007669442,0
3.964062124504934,0
3.9651073380828192,0
3.938012296843525,0
3.96655545209865,0
3.9692339804782564,0
3.93929942114469,0
3.9325761089515168,0
3.935950262641642,0
3.928112861502353,0
3.89561329938817,0
3.85221804020011,1
3.8985443164416163,0
3.8885305057788937,0
3.892959697482564,0
3.906980464197073,0
3.859587675653104,1
3.933921416243783,0
3.9381488750369216,0
3.9179151814957938,0
3.9402490720976777,0
3.861211756250481,1
3.9230847493535648,0
3.924043046149909,0
3.9300329756461476,0
3.9189021906822887,0
3.8524199250941775,1
3.902614244795474,0
3.9164500674008806,0
3.9161987985937783,0
3.864275943028932,0
3.908609499071007,0
3.8784432120144077,0
3.892205189680766,0
3.8706223175923733,0
3.905832123443208,0
3.838335710287898,1
3.9156226401710987,0
3.8587596517778198,0
3.9148128552035097,0
3.9079531381192414,0
3.9544434251852665,0
3.959305907158956,0
3.960587487209771,0
3.889237590447647,0
3.9571955186651206,0
3.968199356159026,0
3.968862243984817,0
3.9649389073924195,0
3.972104059117186,0
3.9515062404066597,0
3.897019685101763,0
3.8658767688834628,0
3.888943421145928,0
3.87750234897409,0
3.912091282349407,0
3.892945529528808,0
3.8827070577983096,0
3.9198620332170293,0
3.891560024455413,0
3.9121713215116087,0
3.9051534086857,0
3.937578385726915,0
3.956288881605948,0
3.952522699445615,0
3.9572145427777428,0
3.9574892690086094,0
3.9459322884216563,0
3.9642712089841465,0
3.9590667664832675,0
3.9583852263623096,0
3.913597799179401,0
3.9311109473440298,0
3.936924581270622,0
3.9287331451681906,0
3.938085817701732,0
3.855297147992692,1
3.8943947157617393,0
3.8409369712356747,0
3.905184823467143,0
3.9031363687547613,0
3.9378892399112186,0
3.9423627625140094,0
3.8857552275039766,0
3.9189143178818546,0
3.943146316984938,0
3.981710991015421,0
3.983291290283589,0
3.98328843592387,0
3.98466472421774,0
3.9804751012557764,0
3.884995996120727,0
3.919823950475356,0
3.918895532661669,0
3.9152964367338363,0
3.845037917938598,0
3.932540128460691,0
3.9153204061179196,0
3.914802042040243,0
3.912352074779368,0
3.9193992112739986,0
3.8366424977843314,1
3.9156888241091696,0
3.904096102792729,0
3.916741712564942,0
3.886084118241576,0
3.9548681061239233,0
3.9582169995195646,0
3.8860031522357836,0
3.954529032575818,0
3.9519260380860097,0
3.9244224914249255,0
3.9306144130528913,0
3.9329538709143503,0
3.9386290448407455,0
3.896057781515389,0
3.923551271837428,0
3.8590284994698507,0
3.9206348249862955,0
3.933538698764225,0
3.9329931401637217,0
3.893777157858582,0
3.88220322290163,0
3.9058794551359903,0
3.8604680423758175,0
3.9019767533490666,0
3.95600040198872,0
3.9519356590849317,0
3.9628281902765905,0
3.930440983280014,0
3.9570946097656607,0
3.851263850686172,1
3.8612477750129774,0
3.907061690631575,0
3.9070773823814595,0
3.9066383456399985,0
3.935774022500433,0
3.929915115933855,0
3.949719898045172,0
3.94568927440183,0
3.9343759464334496,0
3.965845048515151,0
3.9222142864611627,0
3.9626353741744444,0
3.9665646229871387,0
3.94812822200669,0
3.970999713833561,0
3.944694307973637,0
3.9732328278022147,0
3.9742857915598724,0
3.9754552660410853,0
3.9617427832558176,0
3.933629732998267,0
3.9678882809174207,0
3.959758391335273,0
3.9641762283644035,0
3.905838400010585,0
3.92339874249226,0
3.9190854221515834,0
3.9290852616265237,0
3.937709219665948,0
3.9614632899166544,0
3.959017924221605,0
3.9598426719489335,0
3.904200669807464,0
3.9631024691424095,0
3.9688954040981432,0
3.973187650876903,0
3.976572660695879,0
3.9599765242164366,0
3.971501216752537,0
3.9548621940996904,0
3.9386096752665662,0
3.940518790898469,0
3.9444729838318677,0
3.957930180299538,0
3.946534803027536,0
3.9433507903477207,0
3.918983210088957,0
3.92581097941914,0
3.9261599247573464,0
3.9259355437499313,0
3.9227317371863126,0
3.891660597786189,0
3.9101852511397226,0
3.8658971796293904,1
3.9364705051905484,0
3.964316102372496,0
3.9371922424317263,0
3.9670529149668035,0
3.964334034759736,0
3.944477472534303,0
3.947214908861519,0
3.94255027904598,0
3.94265816178606,0
3.84140405342946,1
3.9332341148394163,0
3.925797384867112,0
3.9346829686406255,0
3.9316832476873027,0
3.906995062626637,0
3.9305871430387516,0
3.930379077403754,0
3.936661446847366,0
3.91588469807099,0
3.8655474186317704,1
3.9136569479223287,0
3.887033176350404,0
3.9093295650570212,0
3.8926114440264703,0
3.870233983707158,0
3.930017268547405,0
3.891234944598961,0
3.9137138285809026,0
3.9216665678086624,0
3.933376455341242,0
3.8678319983949465,0
3.9134551030795612,0
3.9032694272030555,0
3.9161547726755583,0
3.870435259841891,1
3.9581687409211814,0
3.9502005257316997,0
3.96186608497159,0
3.9631377096573823,0
3.9635007385724466,0
3.918296197638506,0
3.864723402132351,0
3.9077195506033147,0
3.925575004687787,0
3.9047908138107297,0
3.8937756461609636,0
3.9568276265299183,0
3.937191313442327,0
3.956234315710399,0
3.9551758258530247,0
3.9278201911998747,0
3.895170591735047,0
3.925684964779445,0
3.9191476505379095,0
3.8439637152417747,1
3.9088804696014443,0
3.8917203290314406,0
3.896646973935282,0
3.9114717718941256,0
3.859054756065192,1
3.879688147486187,0
3.913081925177388,0
3.8967883985252434,0
3.9142957203570283,0
3.8838263056697584,0
3.9605526468312204,0
3.962319861373713,0
3.9530589406252203,0
3.92451246000373,0
3.961907698881746,0
3.9507245979316243,0
3.9471713628191525,0
3.9478956713427866,0
3.9556211456493586,0
3.9087652294440494,0
3.928607551468821,0
3.884841014520814,0
3.931601755273627,0
3.930115324097001,0
3.897912794600635,0
3.96201022712898,0
3.9630133169888038,0
3.9446269503670286,0
3.962404618474181,0
3.9218630114544393,0
3.9195569627953715,0
3.9462749312521974,0
3.9267216377095138,0
3.944602827313051,0
3.923354948845876,0
3.9458352445921787,0
3.9383578522302147,0
3.953100412268054,0
3.9448632989551125,0
3.9339020327058885,0
3.906689330277917,0
3.872461953657433,0
3.898761339904746,0
3.8731523779504977,0
3.9135409827474255,0
3.9325163568031294,0
3.9175388355717313,0
3.912237026429702,0
3.9021592625129933,0
3.90486024681418,0
3.8853665984438024,0
3.901075216729011,0
3.918016105862232,0
3.9198278549677323,0
3.897725635713473,0
3.9316401851919736,0
3.9503153343653477,0
3.9398040874300646,0
3.9337778039526596,0
3.945098402305876,0
3.9210826304950426,0
3.921536516564382,0
3.9134158840883977,0
3.900627691074588,0
3.8714694743853726,1
3.9306425609368896,0
3.9329947007973196,0
3.9331084434491586,0
3.9059300013816163,0
3.873875168038118,1
3.909396177944002,0
3.9368748307695953,0
3.8957184099164666,0
3.9381093659878084,0
3.9291297027773218,0
3.9653797249271046,0
3.9757363702904644,0
3.9776521704754257,0
3.9772172618041735,0
3.9593119569957036,0
3.8855413991385515,0
3.91374368284413,0
3.918631728712163,0
3.89771188957812,0
3.8686119737493656,1
3.9837095844293064,0
3.9849366488881905,0
3.9850156028464063,0
3.9766306059117955,0
3.9829151227426083,0
3.933121696258571,0
3.9278104030199144,0
3.9354068372884505,0
3.9302446256803094,0
3.862053828754733,1
3.9289014930899544,0
3.963561745292663,0
3.9601904959664167,0
3.9642270525796293,0
3.95201814709979,0
3.9471332760250153,0
3.940109444251958,0
3.9521241093806267,0
3.951426433005919,0
3.918226942052535,0
3.957157006997849,0
3.9494485528464014,0
3.9525378259957966,0
3.920666621046465,0
3.960823414197331,0
3.925837530809322,0
3.918958607260476,0
3.94026040107857,0
3.9355681567579808,0
3.8809180465647635,1
3.9353259321619,0
3.9323951035216194,0
3.933316685528923,0
3.899252406124477,0
3.850071112619285,1
3.947048395333362,0
3.930018648172097,0
3.9475907226689784,0
3.929025812580781,0
3.911720154608616,0
3.9186674326695723,0
3.914309031901525,0
3.8997877705007804,0
3.9082179295784445,0
3.889256104354364,0
3.9538175938989766,0
3.9551995093167887,0
3.9660062970350807,0
3.9407935227037276,0
3.9652393251304514,0
3.891787713461882,0
3.91277623706508,0
3.9137524772453602,0
3.903790747381943,0
3.8724115797412653,1
3.953094579985288,0
3.934397452385368,0
3.960730132920176,0
3.9619322498047764,0
3.958559339341326,0
3.9434923632477465,0
3.946443079000703,0
3.9465261426559226,0
3.938189940955576,0
3.8465733534847777,1
3.9536355674781474,0
3.9468627663832847,0
3.915011020530559,0
3.9594373718603713,0
3.9537784861211462,0
3.902866928223626,0
3.911285111294341,0
3.886513859935499,0
3.914969565182809,0
3.915846917065352,0
3.914341901004941,0
3.9312324973268953,0
3.913105429155346,0
3.9270846560586627,0
3.870915147452944,1
3.9782505642911854,0
3.975108675273194,0
3.979119924436635,0
3.973989232559061,0
3.9654620181583096,0
3.8930781150834513,0
3.8916467388544533,0
3.8887568100872074,0
3.880581258873593,0
3.8700204034765378,1
3.88993248690906,0
3.9113606003596284,0
3.9118162375374568,0
3.901238448201439,0
3.863432771613505,1
3.921132894297297,0
3.9269367605120884,0
3.9226511928167884,0
3.926118984161139,0
3.869982960986299,1
3.945177763801294,0
3.9369348497664287,0
3.8843310976643974,0
3.9446757634928047,0
3.928563432209842,0
3.943352772493675,0
3.955957603569626,0
3.921630483905619,0
3.9313714655932586,0
3.957220863555851,0
3.9218105150458165,0
3.9651072879103038,0
3.9658206113228363,0
3.958762097715246,0
3.968197844264541,0
3.923361270209048,0
3.894612713241554,0
3.9290410597532976,0
3.9283067988895097,0
3.873752215640558,1
3.9053653836923883,0
3.919096801964354,0
3.928328814256646,0
3.9283775562841443,0
3.9345155856674787,0
3.939816577799909,0
3.931475196703224,0
3.939250071981245,0
3.8730786857584536,0
3.9382330979229287,0
3.933435527142031,0
3.942943755018827,0
3.949351216907822,0
3.9426246229598503,0
3.9476469757893344,0
3.912787754348427,0
3.9337142087857013,0
3.8861460311669003,0
3.9091140502989257,0
3.920979069877345,0
3.9291690389447345,0
3.876941401546483,0
3.8945362218385786,0
3.929533560760951,0
3.920373791529343,0
3.9226051908225936,0
3.955588963851577,0
3.928594851570452,0
3.9580725098911,0
3.959685676244534,0
3.678912604923932,0
3.6000202129092753,0
3.66600860537983,0
3.6353688222508067,0
3.5945516155690567,0
3.598885559334643,1
3.6655188672612087,0
3.6810882310126862,0
3.6868298677108227,0
3.671341773169155,0
3.574005260316817,1
3.6528457667026717,0
3.6445765364286924,0
3.5694547771586516,0
3.6752403326957026,0
3.6467568049206482,0
3.6265968584522477,0
3.580014271436399,0
3.604669562828355,0
3.6531568658717264,0
3.616651607777944,1
3.724972855410667,0
3.6578902821599577,0
3.7142646937686385,0
3.6971417252631102,0
3.566604083537437,0
3.6651373042373994,0
3.61218698974566,0
3.6161336605164496,0
3.64124938251319,0
3.5452939206261025,1
3.66085137088208,0
3.6960585579250487,0
3.694932167484819,0
3.653088311193155,0
3.715056591165884,0
3.738294300274886,0
3.741942797271152,0
3.7452665288864457,0
3.701360948638655,0
3.741666552985919,0
3.7240673160368694,0
3.7319710464497238,0
3.638227976290514,0
3.707506963707943,0
3.6620247522174294,1
3.6430782995340434,0
3.6356131040440567,0
3.6272525134879907,0
3.6749376507893263,0
3.783981976448143,0
3.7855471149043054,0
3.790807301937538,0
3.66878984203871,0
3.675099795664961,0
3.691111277106738,0
3.6978500014843845,0
3.6414599763082713,0
3.691835591299789,0
3.684630366513435,0
3.699915186257323,1
3.7073967128187366,0
3.6902414777677093,0
3.685767171437877,0
3.7084374939491376,0
3.5607827683330844,1
3.6280963477154997,0
3.5695354502581695,0
3.6592813108488724,0
3.642501796218699,0
3.6448859726514606,0
3.6121306617903817,0
3.5941257959478405,0
3.6390233868237463,0
3.5416447662926966,0
3.576761888051804,1
3.635679597339689,0
3.628964179588807,0
3.6946422637634933,0
3.7044695486020585,0
3.60114142458093,1
3.721617191572747,0
3.7486643080260205,0
3.738915863143236,0
3.715380465723163,0
3.709455784000122,0
3.66535812563437,0
3.653392772089094,0
3.613940765642738,0
3.6616153842129355,0
3.6658962403775353,0
3.70910087807021,0
3.668952589479879,0
3.6706126633838085,0
3.707383366187165,0
3.575653938689459,1
3.7024823903727264,0
3.6365026119350556,0
3.7011098282870076,0
3.6355380661788788,0
3.656098243308927,1
3.695793817680834,0
3.710505069961014,0
3.7096099168104892,0
3.656848089615964,0
3.5590820098674523,1
3.691999746555656,0
3.636685334048028,0
3.59680823257537,0
3.688245984336471,0
3.696721336632413,1
3.683512517295474,0
3.6938231857217847,0
3.689024137861789,0
3.7172614965848547,0
3.5763893052594224,1
3.643726349275998,0
3.683785694461323,0
3.700556183669482,0
3.6115052649743076,0
3.60638808693627,1
3.661455536646713,0
3.6598047074477025,0
3.6515599287024667,0
3.656436364474107,0
3.7075956066717346,0
3.736130711397455,0
3.729337621238691,0
3.682525638363971,0
3.730601406452212,0
3.6444355010192204,1
3.6272491538951486,0
3.701552107579317,0
3.7109714799377786,0
3.6899554000266406,0
3.687932068345868,0
3.6070315612214596,0
3.5670902193444043,0
3.6264311556953026,0
3.678735737218836,0
3.690667532478886,1
3.733020706881886,0
3.6480226877786257,0
3.6696251409142526,0
3.7376907107622683,0
3.6060160988099397,1
3.696320548100993,0
3.666244468767873,0
3.6622283183369326,0
3.6954753551354345,0
3.7196327739963198,0
3.7160200135541346,0
3.7339993638075715,0
3.702692162232533,0
3.722182047568828,0
3.769578259978517,0
3.7736605999203117,0
3.6787828450207223,0
3.6322449866934607,0
3.743682664090573,0
3.556308612797663,1
3.5132656621543825,0
3.681108496504507,0
3.674046273097231,0
3.660290018157174,0
3.625357830774899,0
3.6914613228421587,0
3.6476734068003496,0
3.6852096150844793,0
3.6473716185608036,0
3.609194178873898,0
3.726583850938474,0
3.6265986986010343,0
3.7232638163491303,0
3.6823412361202514,0
3.7029700282901383,0
3.603151987049872,0
3.71711699120825,0
3.6311069508374825,0
3.658953662440818,0
3.5550835743026403,1
3.5547089874460545,0
3.6690710257357937,0
3.6522427582466124,0
3.616182009994299,0
3.56524479186872,1
3.680104402351922,0
3.5940132804125104,0
3.6859877330661583,0
3.663827955927604,0
3.6903276127242353,0
3.734285710101926,0
3.727123656192829,0
3.7415050108132735,0
3.712213593313063,0
3.716476522989849,0
3.6636994372988037,0
3.687175929818633,0
3.721411862263121,0
3.7360012405239362,0
3.696079554021295,0
3.674122183327502,0
3.67374941702114,0
3.6652118786196692,0
3.586256336427641,0
3.731750852883483,0
3.7824358756255525,0
3.7788438034924394,0
3.7274728807183743,0
3.734192324385728,0
3.689427097370575,0
3.72223750293088,0
3.7540902127236553,0
3.6479670825737713,0
3.74303784530923,0
3.6602544123209197,1
3.6672046196976407,0
3.5404027108413256,0
3.633954387589473,0
3.6504491249865363,0
3.5901850871856222,0
3.5909287308382565,0
3.651007118572467,0
3.63499525209949,0
3.6495878495550027,0
3.5958756800587155,1
3.647641574087116,0
3.6414244768275417,0
3.660258441850825,0
3.678760239642822,0
3.7398570751097617,0
3.7153952695675434,0
3.7115644833636825,0
3.557603716632032,0
3.7224332224573065,0
3.596833074827596,1
3.562312597404964,0
3.648158924021239,0
3.689736948166861,0
3.6939274156504336,0
3.693543065074781,1
3.6970954313807685,0
3.705352637085608,0
3.673781082943629,0
3.678254377047997,0
3.7087142007792573,0
3.7127018599024035,0
3.7120652453003906,0
3.673095770126465,0
3.656869719239718,0
3.7108271389388396,0
3.6408899801198604,0
3.7590707485818555,0
3.755601063270405,0
3.7307412145309877,0
3.750348067048319,0
3.646628950423201,0
3.718577461791459,0
3.7333883045380305,0
3.7631963366589902,0
3.5730477929716207,1
3.601019820690348,0
3.621188792190215,0
3.637618638304426,0
3.620625820702797,0
3.623375863020553,0
3.6861369095209193,0
3.658624260231729,0
3.6497754991862807,0
3.57728398996875,0
3.71872299500156,1
3.6433206051935176,0
3.7106081013293895,0
3.7074277533112916,0
3.693092771939956,0
3.62467770400899,1
3.7255686244366637,0
3.6892384406738126,0
3.700739752192316,0
3.720880280955377,0
3.567855611066909,1
3.5990908729889273,0
3.6446520575925647,0
3.6391603367724636,0
3.6318221714665877,0
3.559268764808482,1
3.605836911659934,0
3.5858047570845506,0
3.5857189146702773,0
3.6291112738555196,0
3.642082210905522,0
3.5593149312436663,0
3.6502650715055878,0
3.658692421385836,0
3.6027666500757727,0
3.6978790648765925,0
3.7653522673842916,0
3.7381255577096923,0
3.731911754610824,0
3.752031578274585,0
3.6037179262518944,1
3.6783103868906846,0
3.681455249758678,0
3.6375734260185446,0
3.6688132988687236,0
3.6509088537065497,1
3.707198071578277,0
3.7015352081477344,0
3.6760173727601697,0
3.6809996159083083,0
3.592216994066294,0
3.7436956345815453,0
3.757062240304635,0
3.7471231445115736,0
3.7052025796488888,0
3.679110498245213,0
3.653661451702575,0
3.61207335855297,0
3.7083761738479515,0
3.693480379605938,0
3.5623872372413445,0
3.66503099116659,0
3.6140932524990697,0
3.6908654446551474,0
3.6575093503893363,0
3.713572648238724,0
3.7158500553230676,0
3.6987269511057774,0
3.7420502887025604,0
3.6408976175989762,0
