3.5542951864082557,0
3.6011412598741197,0
3.5908562512827746,0
3.6504047082758886,0
3.6663302184434983,0
3.5652643160624504,1
3.6216807954524244,0
3.6371244594084025,0
3.6088798984595583,0
3.6165522410976045,0
3.5765310736833555,0
3.6867917447521643,0
3.6750827981563905,0
3.4770143402068427,0
3.695299624629322,0
3.7075387010534024,1
3.601110529958895,0
3.715748442194338,0
3.7120702865852486,0
3.688855368226803,0
3.5851186011978693,0
3.6017525857287116,0
3.707592652513268,0
3.7342278714171915,0
3.7466188688334165,0
3.600854177038962,0
3.5690569464726147,0
3.6047591201473232,0
3.5968345759902567,0
3.598521403543915,0
3.672272326636926,0
3.592658570426372,0
3.688750371451097,0
3.6181004764734297,0
3.657613955361361,0
3.6233740534215633,0
3.6358159349482797,0
3.697527229159362,0
3.6684012863700115,0
3.724130203205632,0
3.6415568543133867,0
3.6089651312707014,0
3.6709623486914165,0
3.6367454862941058,0
3.618200604046611,0
3.562526170770309,0
3.704775833564786,0
3.7227672781062013,0
3.6945386455405616,0
3.658420204983707,0
3.6101943598305684,0
3.627482358178188,0
3.623865289930045,0
3.543827703655651,0
3.596220183500883,0
3.7050209727434984,1
3.625199557989416,0
3.746243369464945,0
3.7162339620523763,0
3.7265785761351613,0
3.659391806345614,0
3.583656000656015,0
3.684456541114867,0
3.534826080717907,0
3.660599861410253,0
3.7465639782130866,0
3.7359819658535494,0
3.678325852633304,0
3.707538184736294,0
3.7226709524154193,0
3.6785875728128836,0
3.6640183568817073,0
3.6973480825080354,0
3.635694317197954,0
3.7034245785537916,0
3.703843370188747,0
3.659108991659789,0
3.7619820669849826,0
3.7587903135347904,0
3.746829493519566,0
3.546463093544592,1
3.658038966741078,0
3.672019069647014,0
3.6249961417124044,0
3.563453969951342,0
3.5752261691051697,1
3.629317795641302,0
3.6503574096479356,0
3.56268429289207,0
3.6323369187352523,0
3.585872946916198,0
3.6252012365624156,0
3.6190930507584627,0
3.570687401830056,0
3.5772540113065596,0
3.6159733696464174,0
3.514573418483262,0
3.622173322088092,0
3.5832283403651126,0
3.5818090678395995,0
3.623747302442141,0
3.5982519843474856,0
3.6675612517859104,0
3.6787918409335014,0
3.660231793314726,0
3.719323198856194,1
3.738892853967581,0
3.7263893758740965,0
3.722822629556372,0
3.7184847249020185,0
3.681013362703958,0
3.7017409202042786,0
3.6886990778423105,0
3.587058160745747,0
3.6006874481590736,0
3.6180363289627278,0
3.559117626556572,0
3.629233310356192,0
3.6698743221855676,0
3.578731016521375,0
3.7452195417990115,0
3.6913795036646024,0
3.7309353457522256,0
3.7227733663869995,0
3.613443774475182,0
3.748994795021585,0
3.7506200701648624,0
3.493607210290197,0
3.7254274974077712,0
3.698863836460521,0
3.6213893926183682,0
3.6825997974406524,0
3.6048513526504524,0
3.5620949810552913,0
3.6573272639164967,0
3.7746027457150486,0
3.7653315093763475,0
3.773431302590441,0
3.6025573935842696,0
3.73789041723468,0
3.64002517077009,1
3.6462734213816015,0
3.700378297693713,0
3.694715404619724,0
3.7094304070897572,0
3.735727258980471,0
3.7500016134132284,0
3.7407907729516605,0
3.7277671885479498,0
3.6499239605999554,0
3.7186902271459523,0
3.6981347455696447,0
3.671014308435363,0
3.63803614119405,0
3.6991219480114177,0
3.5533904545691626,1
3.5689754619651026,0
3.5785611951790557,0
3.656994288415112,0
3.6348754237793854,0
3.5799895503776398,0
3.6376380811696616,0
3.6080135367031407,0
3.647038431759534,0
3.6415368844452067,0
3.753430914215291,0
3.7708708052980318,0
3.7156433098305843,0
3.7125639001585036,0
3.754946407886273,0
3.641567077999875,0
3.680329307624562,0
3.6842164898063032,0
3.508110715967942,0
3.6716203622993837,0
3.61407153354431,0
3.543793219029816,0
3.550537712961444,0
3.6307331068006046,0
3.5621290184371097,0
3.6440825615750336,1
3.6632726025734144,0
3.6870998310806726,0
3.6514241825317946,0
3.700341404121876,0
3.544946169380119,1
3.557315823190276,0
3.5458418982929683,0
3.619943713254881,0
3.6248523394506718,0
3.600319981203901,0
3.668086116110204,0
3.6682768994881054,0
3.5978663655670524,0
3.6914937663750798,0
3.5394937094207095,1
3.610726352867564,0
3.596923497842038,0
3.529967280566903,0
3.5928976829171937,0
3.7977483086563404,0
3.793207318018877,0
3.7358128723241375,0
3.7401774546677404,0
3.7700704536422434,0
3.650671098779644,0
3.625543937756829,0
3.7370064904904017,0
3.7116451399749506,0
3.70723905953868,0
3.661757697178096,0
3.733778815386397,0
3.6849018770939352,0
3.6820535608092224,0
3.7382428856435466,0
3.5974043178033774,0
3.5758153026677295,0
3.6884542349257474,0
3.6933052806802467,0
3.649345739096199,0
3.6069509165163893,0
3.5588646903594183,0
3.619171788477484,0
3.5559562112635885,0
3.5946133795526762,0
3.6814482434514115,1
3.615094170808753,0
3.6862399606628413,0
3.684115309905401,0
3.677138887144494,0
3.557362876169306,1
3.6238800822987174,0
3.6581479337877476,0
3.680372247180921,0
3.6303502848353886,0
3.6515986339882724,0
3.691266862432081,0
3.660977375311316,0
3.644701643117515,0
3.6394991829313073,0
3.564854133175266,0
3.6383114939675103,0
3.672663400993743,0
3.6486797398052464,0
3.6960050537797184,0
3.667225499602312,0
3.667716459683696,0
3.6279094819645925,0
3.5569525389543255,0
3.6677580144695012,0
3.530720039406758,0
3.6271755385899347,0
3.616876318868804,0
3.634558643382891,0
3.608920325238879,0
3.713673443987258,0
3.736719083260136,0
3.6624669677526684,0
3.615929890247049,0
3.6898410396665975,0
3.7208058585250794,1
3.7520488493153445,0
3.7426290214868105,0
3.743070826386658,0
3.6919333689028084,0
3.5900845249888804,0
3.591713949743901,0
3.5712471675670097,0
3.5904611143766068,0
3.600164676547378,0
3.7186844560944072,0
3.709282982578301,0
3.7070000431514356,0
3.6381369464378963,0
3.6790049489512535,0
3.602361636430264,0
3.6286200383720524,0
3.677965435290913,0
3.7140939880909563,0
3.7147091601781996,0
3.6185104873209846,0
3.696458912469142,0
3.7024696949968865,0
3.693879278522052,0
3.6713804242193757,0
3.6448010770848502,1
3.65990018198564,0
3.5991804278330353,0
3.617163616125758,0
3.6488439137005346,0
3.802472750445257,0
3.7869867014923826,0
3.8173894941553943,0
3.79690047116013,0
3.7004937281019474,0
3.6679841888118627,0
3.7407396061486358,0
3.5392948387087007,0
3.6417817255453113,0
3.7196984599312715,0
3.7031565175083347,1
3.5981461367894694,0
3.696855974292791,0
3.661078121435372,0
3.6431387252811622,0
3.6778172229813655,0
3.689880424326012,0
3.6076209715005376,0
3.671197908239386,0
3.6535281659853815,0
3.6614816769234473,0
3.569708097242632,0
3.632170567444346,0
3.6368676970283036,0
3.6458883341298938,0
3.7584242732193722,0
3.7233848011855937,0
3.6849495543122224,0
3.72003964765271,0
3.6215498631070124,0
3.6166540169924297,0
3.6023466077907953,0
3.6657785150256927,0
3.6370133791210804,0
3.6011465575340322,0
3.699208024376684,0
3.6703327664944805,0
3.662626885076211,0
3.695357191233292,0
3.637255703246688,0
3.6210873894955338,0
3.727706765769687,0
3.753899075039733,0
3.685443139136749,0
3.7088380760359527,0
3.689861201867646,0
3.7081943502371257,0
3.6352957614516797,0
3.606123472595642,0
3.6057279572044623,0
3.7492884442784677,0
3.7919709858215267,0
3.7549860307739173,0
3.7112485863478426,0
3.7291456525484366,0
3.7723787191799656,0
3.6415558953487204,0
3.7626390641051652,0
3.738175630813835,0
3.716855003158295,0
3.7713116367133357,0
3.7389239765454896,0
3.638326432477476,0
3.766799610043601,0
3.7311389986528383,0
3.7904848856483797,0
3.7486709678891774,0
3.762504539488317,0
3.7946795113810876,0
3.7043080904499677,0
3.7151215680305687,0
3.6412028656254507,0
3.700051934786436,0
3.585040617697701,0
3.707151665322519,0
3.665425763312065,0
3.7645001314211237,0
3.69707766694884,0
3.7064703175914397,0
3.7477113007406553,0
3.653727170752481,0
3.6801576184018527,0
3.6937469133136007,0
3.668519519165313,0
3.663172853364013,0
3.619415559118549,0
3.6804892854682536,0
3.6272742658883077,0
3.621278300110262,0
3.657853647985391,0
3.6259878975070405,0
3.7048103347258117,0
3.7038778281937854,0
3.7123396631439745,0
3.542893178983397,1
3.607401942483817,0
3.602153270116875,0
3.622917757765011,0
3.670621759986321,0
3.545838100541566,1
3.685572697172883,0
3.62708771169427,0
3.622474975660674,0
3.6239517453459964,0
3.624995074793812,0
3.67730582350491,0
3.6120363921743515,0
3.6205045935436155,0
3.6841379171928827,0
3.6698556426606137,0
3.7150262656956343,0
3.706337618288994,0
3.630012951813983,0
3.637347379726904,0
3.645154004788718,0
3.567395877667642,0
3.6066817871875134,0
3.6124406037450156,0
3.638379397156953,0
3.6352240420610644,0
3.6415486684987917,0
3.6622881618401877,0
3.6977816193604154,0
3.66864570046742,0
3.540929956810632,0
3.8206996225779033,0
3.7826628103008177,0
3.841947131954574,0
3.7733075385270167,0
3.833244964931371,0
3.6496414778067945,0
3.5705953628883114,0
3.6761396821999144,0
3.688660134123926,0
3.7182082682463014,0
3.62886787282278,0
3.643141231294132,0
3.6737842138505554,0
3.607518070592292,0
3.685563152650013,0
3.661988291381704,0
3.609644015710424,0
3.615202566934803,0
3.6434130109155336,0
3.6384436803491225,0
3.630625649605737,0
3.6433864535055487,0
3.6799131244783663,0
3.6882409097994686,0
3.693115716937196,0
3.6729851767084223,0
3.743583303420614,0
3.7714792660977743,0
3.774105058459456,0
3.741788323501109,0
3.6505489880772046,0
3.682774797328723,0
3.59731850521558,0
3.6418048077796463,0
3.648284241658223,0
3.587490177097412,0
3.5899889525732007,0
3.5657022400363414,0
3.587861067928138,0
3.5472658371840136,1
3.634748523163389,0
3.6436078686347924,0
3.6875626855186394,0
3.6692406825381854,0
3.665895553587822,0
3.596265705813434,0
3.6790709952972143,0
3.6138475635151024,0
3.6543138876244297,0
3.5414042043057883,1
3.6652067316427557,0
3.63478984483735,0
3.6653988253538734,0
3.660208802847444,0
3.569223578196428,1
3.7384928183401014,0
3.6892519408655042,0
3.669498474425678,0
3.6566171062916992,0
3.673986587184645,0
3.7098877090198332,0
3.7477158602101963,0
3.7306581630440205,0
3.567192143712057,0
3.693507696852408,0
3.802563133432047,0
3.780861294803031,0
3.7501285380896388,0
3.8058881686759283,0
3.662097148141961,0
3.674778873346892,0
3.654726112935176,0
3.6150490361212433,0
3.609516138028675,0
3.681136268123856,0
3.6797707753033952,0
3.5943213386557384,0
3.688730595417647,0
3.6255038253002794,0
3.6065887708002187,0
3.5983194314077256,0
3.589357077429427,0
3.5958316793871514,0
3.622143526425945,0
3.584654433808265,0
3.6755275537831866,0
3.544602080504696,0
3.6705917678051665,0
3.65289749144259,0
3.543193757931259,1
3.689927212394056,0
3.6575052586584365,0
3.471397784895064,0
3.679317803064275,0
3.6758755989305065,0
3.7667198171272624,0
3.7412610950606773,0
3.7214959639753156,0
3.7194047308830123,0
3.5503448418006913,0
3.5668689103880458,0
3.678179648671098,0
3.557004221384038,0
3.6830738366943168,0
3.670411190823938,0
3.697400037237694,0
3.673067365468426,0
3.7511593103418357,0
3.771716419743364,0
3.7577036872998395,0
3.79706750796034,0
3.697916834356987,0
3.770217957724436,0
3.7684486967665416,0
3.7642389930352036,0
3.653993339175537,0
3.7031561377497746,0
3.646867399160414,0
3.690875290359762,0
3.5367770800450797,1
3.6504003947509345,0
3.5767431725045387,0
3.6570389731673325,0
3.5680165372833343,0
3.5467362331534944,1
3.5812771877319864,0
3.7705778820604205,0
3.6867933831763917,0
3.7886517991997346,0
3.772766700556325,0
3.795383199151929,0
3.776129501785681,0
3.70189201891758,0
3.8101112521672125,0
3.7416990197712416,0
3.6741693797559027,0
3.7056272149186302,0
3.6742406185942387,0
3.56622627370943,0
3.5254458896028456,1
3.770147832015777,0
3.6940267464328165,0
3.6429672386806464,0
3.757519151238999,0
3.764798211049365,0
3.8124637154205088,0
3.8544702641972437,0
3.849913277218932,0
3.82049777235968,0
3.8618979056756606,0
3.6379118532948187,0
3.6340465424642896,0
3.599290232850922,0
3.6501403420524663,0
3.595021486143883,0
3.6773837682936095,0
3.607569508502721,0
3.6895158216535098,0
3.6844752967442727,0
3.5149766632938464,0
3.71697625631761,0
3.6487097963336645,0
3.7230645533465005,0
3.7725470648643205,0
3.7808691743697143,0
3.70621689546458,0
3.703847099775359,0
3.688890824276101,0
3.598628896855378,0
3.690857272970755,0
3.587972906492967,0
3.591052937525886,0
3.5985540309689017,0
3.5570484630468844,0
3.619178522646439,0
3.6136370466359216,0
3.6871033734585876,0
3.7187809246556744,0
3.6519693953542607,0
3.635705107508371,0
3.59739588597935,0
3.6591601929680126,0
3.639620687199938,0
3.6676088388462333,0
3.604794381645536,0
3.5927957183537655,0
3.58890159479551,0
3.640977793928911,0
3.5772845210355873,0
3.655669317191907,0
3.7302137502664556,0
3.72996360750675,0
3.6965280060593604,0
3.6825226176000876,0
3.629123478527435,0
3.7269365767629563,0
3.63805384936985,0
3.7170291543692358,0
3.7042751319400393,0
3.568377647357066,1
3.698530703795546,0
3.774766314735109,0
3.767154397203868,0
3.658814656307811,0
3.7165635920728106,0
3.68018564725114,0
3.685872209870477,0
3.7070862644230815,0
3.6882087390735983,0
3.5843865135577784,0
3.6447894080678265,0
3.5702462954107466,0
3.706988906718119,0
3.68177548373387,0
3.6849822677360335,0
3.63280186238927,0
3.678491858581294,0
3.6807343438047364,0
3.5615561426039886,0
3.6643802040362017,0
3.6252413944700876,0
3.642313185739594,0
3.576016707715593,0
3.6044007311755863,0
3.549896701558737,1
3.7334210001783026,0
3.6391613822137376,0
3.745032300848848,0
3.6649380284079065,0
3.7090077167164868,0
3.574714625702914,0
3.67537872831733,0
3.596902190368967,0
3.6708566064412054,0
3.601215427841555,0
3.564599021810946,0
3.6094877879347944,0
3.6253278664292514,0
3.652712295474352,0
3.5453576711524915,1
3.651733185265473,0
3.681924064512378,0
3.682047107038524,0
3.6242328949821863,0
3.6516018955226777,0
3.6024107337994784,0
3.59178054908462,0
3.634765624453753,0
3.619973853613527,0
3.5483288218388354,1
3.961761182015759,0
3.9450051333688427,0
3.954617666045851,0
3.968013787227346,0
3.9640342757626583,0
3.8954298357502735,0
3.9008573648200477,0
3.8951002599285944,0
3.922080952224736,0
3.921711260140491,0
3.8522461262990024,1
3.9085437727689927,0
3.8890789743888243,0
3.9120404079524635,0
3.8698673888508286,0
3.8350290532096083,1
3.9273901490319143,0
3.9269777276892177,0
3.928895987285081,0
3.908526809903566,0
3.8543523216270237,1
3.8508520309864345,0
3.897041123346031,0
3.9026744820174013,0
3.8998522295332485,0
3.8988017104262482,0
3.925879236057563,0
3.94453349260807,0
3.936338345571542,0
3.9441424366045936,0
3.898285879583186,0
3.8793650487532245,0
3.900316023023555,0
3.8992711229688686,0
3.885868897508328,0
3.943280258381925,0
3.94888675908591,0
3.925910030617432,0
3.955723116502421,0
3.949937786818369,0
3.857624015860296,1
3.8714947701294307,0
3.8650518091347754,0
3.8768596274129856,0
3.8753765659819623,0
3.8570826977982122,0
3.925789171961941,0
3.890597322637115,0
3.926924172249445,0
3.9245355022275272,0
3.8498491809388615,1
3.9286177286701407,0
3.926296342655811,0
3.9214580269866692,0
3.913281852334069,0
3.9485866196084554,0
3.9523800543265697,0
3.9474892244281388,0
3.9000943593762556,0
3.953933401002009,0
3.8590800617400243,1
3.8862379744808666,0
3.9222003087259285,0
3.919015348574465,0
3.906230314959597,0
3.9309465668665187,0
3.9153264228311784,0
3.9027479068892728,0
3.9088349140408183,0
3.9308196689563975,0
3.9442630150638562,0
3.9480702754844685,0
3.949145858635042,0
3.945217529271207,0
3.9467950897806725,0
3.912597228450125,0
3.9062837010521148,0
3.911963522646192,0
3.908981588525431,0
3.851544479405624,0
3.9453095246914787,0
3.9364472823302803,0
3.9458924302632465,0
3.9438181601876567,0
3.9490992244507095,0
3.906752871959356,0
3.917507849954024,0
3.9039395755287796,0
3.896250499445303,0
3.8995514841066434,0
3.8580050966383452,0
3.936809630600132,0
3.93713896241593,0
3.9259879366543213,0
3.9380816097977234,0
3.942435961760464,0
3.9538696578091894,0
3.9390047374247787,0
3.958451708123663,0
3.9432957218829485,0
3.9048808224315925,0
3.92681529689753,0
3.898727533036766,0
3.874624527322726,0
3.9199485862624694,0
3.9281241114164422,0
3.934643110388578,0
3.9204463987835094,0
3.9464541771714132,0
3.945506384637181,0
3.91632699933649,0
3.905100806720656,0
3.901312380599999,0
3.9121511723050926,0
3.9286917651155164,0
3.945524901177002,0
3.9484214352969396,0
3.970231947710346,0
3.969870706735891,0
3.970141875048875,0
3.8536608683506026,1
3.9277497486707618,0
3.918640408755817,0
3.9284648673485743,0
3.904164425402992,0
3.956041762711652,0
3.967690083742741,0
3.9616997992180867,0
3.962641325485446,0
3.9702833667918886,0
3.8397191195285245,1
3.931601947614669,0
3.9291452101415354,0
3.932143460239416,0
3.9012045099686867,0
3.9137216616488124,0
3.936886603455342,0
3.9388383029157286,0
3.9398290033271306,0
3.888674100271794,0
3.9189402114790473,0
3.9478314041614286,0
3.9485083147417335,0
3.937919600043626,0
3.9220898847385604,0
3.835763337578653,1
3.9136217644349403,0
3.9376563960042645,0
3.937869539199737,0
3.934412664286791,0
3.971074996151524,0
3.9769095575647144,0
3.9726417130480156,0
3.973611760241029,0
3.977769096240623,0
3.8599890505023335,0
3.9343484579102497,0
3.935840855756308,0
3.933093521132257,0
3.9216224176782415,0
3.9692075799969624,0
3.9670278063160955,0
3.9557189693587533,0
3.9642059383368067,0
3.9462048513305725,0
3.9360241879121243,0
3.933259470606569,0
3.9451616081991387,0
3.904335179075218,0
3.932119503367472,0
3.839193769856983,1
3.90606403595746,0
3.890185285382844,0
3.9015744597108157,0
3.9076784509226052,0
3.8769028343514025,0
3.917511497908773,0
3.914105268123531,0
3.922045649089655,0
3.92186932991845,0
3.9786348985836084,0
3.981776388542381,0
3.979403757847678,0
3.9797924194260186,0
3.9767260085703593,0
3.900818988191754,0
3.869627598616655,0
3.889433504872076,0
3.894203827934935,0
3.896457511058529,0
3.9539363842371285,0
3.9357159972799565,0
3.948350332629075,0
3.952623500341645,0
3.939217222040724,0
3.9560548393393016,0
3.969470062720948,0
3.967109899522524,0
3.9486149085214914,0
3.957894584870957,0
3.947214751376215,0
3.955793768500653,0
3.9400704658933208,0
3.942195608222043,0
3.9605124212908493,0
3.9614171726826557,0
3.9629009832842668,0
3.961563426163198,0
3.9672506464612045,0
3.928516356312089,0
3.8905553755240287,0
3.9340240549756853,0
3.924444495229443,0
3.9331071375684625,0
3.9383584781813537,0
3.9579555417149135,0
3.9483314559630522,0
3.904682779672412,0
3.9573418602870922,0
3.95345311618923,0
3.8781738750908294,0
3.9273179821482342,0
3.9242347278635763,0
3.9309138937142962,0
3.9262348909188374,0
3.925480291508744,0
3.938408552760061,0
3.9412727203607445,0
3.9386053137362156,0
3.9373708349314316,0
3.9247588659086077,0
3.8616577946899433,0
3.9134512840211086,0
3.920774750781962,0
3.9227219840688208,0
3.8600872839729936,1
3.9307109703903507,0
3.9298174724325916,0
3.910507508669486,0
3.9265056765140507,0
3.932577615950363,0
3.945305668260172,0
3.891357865711366,0
3.9431488666007306,0
3.942772624166591,0
3.9055036898791506,0
3.9149382906666728,0
3.898613404531566,0
3.906823191295733,0
3.8881326423223466,0
3.849257868602627,1
3.9145699379770367,0
3.9076389950080754,0
3.910826707180574,0
3.911656608376415,0
3.9796519870454983,0
3.9685836123962894,0
3.977727920487785,0
3.9757797446361787,0
3.978708330193872,0
3.8543177815327834,1
3.903182739364875,0
3.8776643796214656,0
3.9007290893879882,0
3.8888363035827638,0
3.9686675108687393,0
3.9606479976945046,0
3.9703609775753734,0
3.967487577216467,0
3.9444609439444096,0
3.8589978665970044,1
3.8649674297588215,0
3.8807809338813386,0
3.8892775960884114,0
3.895053039832349,0
3.938424089167926,0
3.9195991079370467,0
3.9447000094407016,0
3.9365260731984195,0
3.9475064904960915,0
3.836278247668439,1
3.942872377299831,0
3.9424777174293406,0
3.942615132175018,0
3.941567597612204,0
3.8572681337714068,1
3.913459233796496,0
3.915834277157946,0
3.8971927409386593,0
3.9220715935334347,0
3.907880205029643,0
3.931910847787157,0
3.904334354487597,0
3.9138452820724337,0
3.932598220255337,0
3.981341754417496,0
3.975999861833381,0
3.969445036719103,0
3.98057912098946,0
3.980458487362004,0
3.835144349392814,1
3.9229426234174545,0
3.91921501347183,0
3.9198495773192255,0
3.92154770279985,0
3.911040211091668,0
3.933031421141126,0
3.9301069854922055,0
3.929659290801525,0
3.845989758391383,0
3.9685981763618647,0
3.9779190230001227,0
3.9771865263005544,0
3.9747269270877217,0
3.970003730415057,0
3.933293935982891,0
3.9493800064289175,0
3.9454776330867523,0
3.916436058871333,0
3.945471500655829,0
3.9485638609211207,0
3.937166067988453,0
3.931527866364224,0
3.9129270432114036,0
3.9479488842258883,0
3.944971343689665,0
3.926017267805444,0
3.936210793991351,0
3.9436632357880526,0
3.90795341154371,0
3.8620342823925986,1
3.873140446104711,0
3.8862511231366765,0
3.8972272456457566,0
3.874468397352847,0
3.967665557078754,0
3.9785766958502,0
3.980488054151208,0
3.9758795481400924,0
3.9823863345896,0
3.9151927104406843,0
3.9235340015040054,0
3.882005509659713,0
3.900776075332284,0
3.8961252169755873,0
3.9162667242315563,0
3.9118960498348523,0
3.9175267451986424,0
3.9186755334528005,0
3.8512346532575776,1
3.8673882093476832,0
3.880040013284195,0
3.897361826351013,0
3.894924978985913,0
3.862851615161344,1
3.9228711763391657,0
3.898673944729773,0
3.932327860946744,0
3.918890640168959,0
3.9337961937537536,0
3.9326485350083815,0
3.941398417672822,0
3.9272528063097547,0
3.9391111578363116,0
3.8751343696740284,1
3.9463203831337106,0
3.940491326210444,0
3.945262478964436,0
3.931079619110689,0
3.842755823994512,1
3.930711896380962,0
3.9287737326181493,0
3.927954057271657,0
3.9260504150901587,0
3.8488764469821612,1
3.9769425047390228,0
3.9739799622130767,0
3.9450737265216094,0
3.9736564671158114,0
3.9732442076525665,0
3.934542635304084,0
3.9218930701438883,0
3.934094233208451,0
3.9131699851319484,0
3.864362198245494,1
3.922266896018596,0
3.934306577736103,0
3.921265554719729,0
3.9354460678699157,0
3.8717265422790934,1
3.9314983263820427,0
3.931544477357814,0
3.9040927943019277,0
3.9148643178647076,0
3.849752481948454,1
3.9529167700960244,0
3.9627247533590557,0
3.9631682097034786,0
3.939355217243177,0
3.946653478740723,0
3.9125003821726447,0
3.9343535915715577,0
3.902392821136354,0
3.934426431829919,0
3.862700264200389,1
3.931843022329111,0
3.941886445120745,0
3.94194452026389,0
3.944953024734174,0
3.9534528485399125,0
3.9805688079780484,0
3.9775099151629876,0
3.982059427171667,0
3.977279131617252,0
3.979182766367922,0
3.9713662507995444,0
3.953684140506041,0
3.9607364326688033,0
3.969530251574429,0
3.958732923548845,0
3.89305408242579,0
3.900699306383693,0
3.905057019334401,0
3.8695451989058918,0
3.8717307391536355,1
3.9258488166722914,0
3.843662998833023,0
3.9231040305051197,0
3.927031928921209,0
3.9214053133743185,0
3.9554782065790595,0
3.94062618144193,0
3.962076687975569,0
3.9593033481339766,0
3.932517657714816,0
3.945813343214085,0
3.9256308027046156,0
3.946669155020704,0
3.947995635878478,0
3.865362098924804,1
3.9249263233997427,0
3.9311043228927685,0
3.87507952456606,0
3.9305529555972303,0
3.9303951159536763,0
3.9466239899092033,0
3.921186016266338,0
3.943265069670699,0
3.924721891430418,0
3.9485186221799506,0
3.9169927631235137,0
3.9498329953785456,0
3.8826391833493483,0
3.9491110495472745,0
3.9504342782691526,0
3.9348219153541115,0
3.9451313511067405,0
3.9345965578924225,0
3.9244029675701713,0
3.9225273426010885,0
3.98286866241555,0
3.97809440243965,0
3.9794727595144,0
3.9836070691536483,0
3.9808595809547622,0
3.9673571631265476,0
3.970451531968145,0
3.9442471890602744,0
3.970540510995193,0
3.970780854914015,0
3.9217850415414004,0
3.9207716087241278,0
3.9173362153674067,0
3.9079408115809726,0
3.8646723780512002,0
3.9298706761742546,0
3.9455065703807564,0
3.956476388806565,0
3.95451153685986,0
3.937809024535355,0
3.916889604053357,0
3.9329083976196,0
3.930553443414858,0
3.9202739295565876,0
3.8671126029370964,1
3.940204842809829,0
3.9297764638101382,0
3.932117844636852,0
3.9418017900423865,0
3.8699411415942278,1
3.9277378849890296,0
3.9248346675189207,0
3.9434159592627185,0
3.9464183765289356,0
3.9210886755266423,0
3.930005100340659,0
3.922134841979177,0
3.9220541662412893,0
3.9264983525388297,0
3.8643865975714493,1
3.895063241357171,0
3.90640481114193,0
3.8746604142447656,0
3.911982779639776,0
3.89786511861703,0
3.931855031522357,0
3.9182769398079422,0
3.9309193857471287,0
3.9349261028987814,0
3.9060890376775297,0
3.9591669047798392,0
3.949244601438371,0
3.9360792494524945,0
3.9246211690884873,0
3.9589589971686556,0
3.9829298494551177,0
3.964035482892271,0
3.978593639870824,0
3.9795471355371728,0
3.9811476617587194,0
3.8892294970367627,0
3.910896114790299,0
3.885821086329671,0
3.921273257484134,0
3.906775334680072,0
3.958808544031182,0
3.971289827929896,0
3.9724224713693457,0
3.974522204222687,0
3.9769728691850217,0
3.961265608454912,0
3.9606577482303202,0
3.94307173496744,0
3.962339300711653,0
3.898278268914393,0
3.9420556382018774,0
3.9294330516808906,0
3.9137990481482237,0
3.9426545372514115,0
3.928475549593561,0
3.9590418358385517,0
3.961619377192401,0
3.960583670876878,0
3.913985916057272,0
3.9524394069524384,0
3.928677232275933,0
3.945162004722167,0
3.9459555154049437,0
3.9459284769135525,0
3.8498474634318556,1
3.9319062944520042,0
3.957357227039696,0
3.952099225010945,0
3.9544316753236166,0
3.9118626529985967,0
3.9429695086948815,0
3.8736102655344484,0
3.946494481644366,0
3.9412926224245526,0
3.9368057656426863,0
3.937914273175386,0
3.943975606259281,0
3.8872771713192544,0
3.919982872150449,0
3.9454784523902355,0
3.921153947996782,0
3.9079115505484876,0
3.9349015356558503,0
3.9119137923103393,0
3.9145369060209037,0
3.9347671594658835,0
3.9382542396591664,0
3.9229031882595726,0
3.877255981528191,0
3.929976065254192,0
3.9224751285091295,0
3.9142629163391662,0
3.902743007130961,0
3.9197352108020596,0
3.9356606201735125,0
3.9429332261008345,0
3.9366968745570374,0
3.9441572702998693,0
3.902515725903324,0
3.926214603739263,0
3.8742076892131236,0
3.924602467851443,0
3.9204410983216578,0
3.922223896351725,0
3.844658591381519,1
3.9450410166050642,0
3.947154151547006,0
3.9268840642626204,0
3.947343028849031,0
3.865043085782258,1
3.9125998418104544,0
3.9058222698706424,0
3.936173939559384,0
3.8987770740400585,0
3.9367547136357577,0
3.967863044622147,0
3.9729885413325348,0
3.9731975770878982,0
3.956947230404642,0
3.9550244506206247,0
3.960686377684833,0
3.9540639854558117,0
3.9506968346633626,0
3.956038977955339,0
3.948077980501239,0
3.9202234641580747,0
3.916117608397692,0
3.8941459970629246,0
3.9173730213124793,0
3.870741639385999,1
3.9683017368733653,0
3.9692145823037657,0
3.969619138455603,0
3.9307809767739466,0
3.966807048714381,0
3.888616232814317,0
3.8996828391350067,0
3.8838802776296726,0
3.8915137870317644,0
3.8737557991006635,1
3.926758220576771,0
3.930301910709385,0
3.897576541108599,0
3.9292749872425685,0
3.929533786364313,0
3.915181459801803,0
3.9174166623890248,0
3.9182021100288353,0
3.926453822908053,0
3.866947223464377,0
3.9462103218335782,0
3.9415835347924104,0
3.9532255057088688,0
3.9496378827827394,0
3.9089943693367672,0
3.9889082651670464,0
3.9888549496244776,0
3.9855650131281344,0
3.9861875087976704,0
3.988249573209882,0
3.9160113957183813,0
3.933810043977391,0
3.9351067436824487,0
3.93577235825686,0
3.8438896721944,1
3.9558987019856273,0
3.951058708156503,0
3.959913118049078,0
3.949438034770139,0
3.9490190083340306,0
3.864927825793828,0
3.9121854604030117,0
3.904598707324783,0
3.900223218182257,0
3.8852187825536184,0
3.9740446134951415,0
3.9756869595832645,0
3.9524355970216534,0
3.974553817849549,0
3.9766449603733496,0
3.505210847569626,0
3.7315487113543195,0
3.753327595808079,0
3.7260865435014465,0
3.7320075772328805,0
3.612574444544911,0
3.6275869320635543,0
3.698965074668485,0
3.6889332887561634,0
3.6796832523384744,0
3.6489804956491847,0
3.674153418205238,0
3.6477995093758624,0
3.6900432012857936,0
3.7056979717476093,0
3.5802158332349876,1
3.6690832798316144,0
3.5872525279304126,0
3.6550501326202505,0
3.674557728815911,0
3.617918506912755,0
3.574966153485264,0
3.6007077294839847,0
3.637044995371292,0
3.6198429255486353,0
3.621003915259074,1
3.575463771585001,0
3.6150444707087304,0
3.6527407266555567,0
3.6871813071141295,0
3.6806112141402547,0
3.6377721668163763,0
3.5820761540942074,0
3.7162583083550906,0
3.663506813061205,0
3.6161880972989597,1
3.6598026521414955,0
3.6685651168347784,0
3.598512900590658,0
3.5803710711558066,0
3.7494750103977528,0
3.713141535259036,0
3.672411559288444,0
3.709779985251299,0
3.698199885417342,0
3.694992170861406,0
3.631443991687849,0
3.6983917058423796,0
3.701302196590721,0
3.681606961034939,0
3.7210777137466957,0
3.700515580002387,0
3.7135182469841648,0
3.6520600666595633,0
3.730923868992969,0
3.6509159030645346,0
3.734456714518352,0
3.697563497060779,0
3.712764033363337,0
3.6662376449764427,0
3.597982140190962,1
3.6139924164747264,0
3.671397840081138,0
3.676519546012243,0
3.671871992873522,0
3.563523170654428,1
3.6662995469751474,0
3.652053723401194,0
3.6693860024912963,0
3.677698676349883,0
3.5638965582508253,1
3.6457666032839633,0
3.682013089938431,0
3.705339807386355,0
3.6865339609828878,0
3.5646157879049865,1
3.6427356983388526,0
3.6877716088092565,0
3.675646495718572,0
3.629566101918801,0
3.648032353824942,1
3.6980315522290597,0
3.668285092794375,0
3.6526471431112673,0
3.637135756781624,0
3.6541970393987366,1
3.7138380301197476,0
3.699032839475999,0
3.6932534596424493,0
3.6706429870669166,0
3.665214326577097,0
3.637936342033341,0
3.696863712759758,0
3.7276951660080035,0
3.661409576365371,0
3.576784480854485,1
3.6291302628914446,0
3.7044243056530433,0
3.6360385116508236,0
3.698664841332705,0
3.6417969440256988,1
3.676711297060793,0
3.613300268420226,0
3.5650678410128136,0
3.6707459579402038,0
3.621411335741022,1
3.5970981879251926,0
3.6168767819863583,0
3.5880979152348385,0
3.626133301057399,0
3.6001021777213187,1
3.654689009762235,0
3.704755176884661,0
3.6906334261879925,0
3.7240083853129504,0
3.5489440774694674,0
3.680950087523258,0
3.7062498338701775,0
3.6726095334567757,0
3.686888522726328,0
3.5324520846294405,0
3.5702045127854074,0
3.67715285132791,0
3.6732999540847877,0
3.6858129366464207,0
3.6780940212485085,0
3.5757363091013845,0
3.719923641409352,0
3.697759244543087,0
3.7395054119399607,0
3.7690255556013783,0
3.783858133014125,0
3.8034728162262508,0
3.7939627438306425,0
3.7408596572346164,0
3.64616677075495,1
3.653720119386432,0
3.6943675954850335,0
3.685482315179347,0
3.5821851139489453,0
3.6095857613937468,0
3.6325141564145245,0
3.6750216705566885,0
3.725353709662389,0
3.6814836660095662,0
3.6012087893276434,0
3.624486585541497,0
3.6074007885280786,0
3.6428596273295235,0
3.663591526943212,0
3.5521160740685866,1
3.7009594429062833,0
3.696523683325438,0
3.6949936640209393,0
3.6647628234157654,0
3.654791746038423,0
3.6700301483752322,0
3.6163864228961957,0
3.611638974410526,0
3.575690152426643,0
3.603234535012383,1
3.63874017774266,0
3.5839973941385312,0
3.5820069822502263,0
3.6118124102752085,0
3.6021139199019814,1
3.6481414126359972,0
3.693974864032128,0
3.6751741095439128,0
3.6737367931901477,0
3.550713621968702,1
3.5706165649537107,0
3.5967407676211254,0
3.6081793856506215,0
3.5701582235222755,0
3.6838991545716637,0
3.663012712066535,0
3.594692241793441,0
3.6648053530450886,0
3.5590859471217717,0
3.605702693042974,1
3.73516180086242,0
3.7210087307039634,0
3.7447542164186003,0
3.7391707914956243,0
3.6832315443672026,0
3.5241802825083615,0
3.670740007575031,0
3.6455649254330527,0
3.6745247619312726,0
3.6681010032946375,0
3.712536832969191,0
3.7142598648556477,0
3.6912377547540016,0
3.6939213102116684,0
3.5155845525926885,0
3.693992748645507,0
3.7046716291158317,0
3.7168862235576716,0
3.724660768381371,0
3.574437240082511,1
3.636218692779549,0
3.6419474249660055,0
3.6332564862885546,0
3.6295549580579993,0
3.688429283241965,0
3.7043418055252264,0
3.6986426209910266,0
3.701008069910247,0
3.740245911946092,0
3.6944950689551805,0
3.731263909997906,0
3.6651192395265983,0
3.704821193197936,0
3.6100026464231605,0
3.6796875627232946,1
3.719526454954833,0
3.7542806013597216,0
3.6743894733955322,0
3.707312751661656,0
3.717393495224773,0
3.6989546188348856,0
3.715162172939343,0
3.7223202532566355,0
3.7149307435804535,0
3.7323130007429524,0
3.679186515612473,0
3.697842309982575,0
3.656996311530323,0
3.69283182463412,0
3.651952715640912,0
3.698505751366264,0
3.5947351296516317,0
3.7057704789623216,0
3.6948265983286737,0
3.5566534405767984,1
3.683998582004324,0
3.535986725188454,0
3.6627500726456343,0
3.660350996730753,0
3.6594932893730356,0
3.6044582326005425,0
3.6436908804313974,0
3.6357735479624744,0
3.619514353177276,0
3.634764805026369,1
3.693811578619059,0
3.6826185007754164,0
3.706370624537046,0
3.6921299756192245,0
3.7378011372335385,0
3.6764649504265243,0
3.673490247468118,0
3.713738573684056,0
3.616741517161697,0
3.6924083091180853,0
3.7043325558063858,0
3.5262779745939845,0
3.68339305060021,0
3.679687026109396,0
3.640932318715007,1
3.6994775260031263,0
3.7038505575217413,0
3.633229559414583,0
3.7004090491153874,0
3.6437777787156693,1
3.7090404735663776,0
3.6979980503140224,0
3.663569024443165,0
3.692930610673064,0
3.6904991796807156,0
3.703373223867667,0
3.7247319779702055,0
3.708054409159603,0
3.7234158628183716,0
3.6298943223279645,1
3.7056476523395525,0
3.692206416606279,0
3.6878734532557442,0
3.7152383223460608,0
3.553454062590821,1
3.6547833724279184,0
3.5351319468611733,0
3.6565389441416287,0
3.6467568994612822,0
3.6536308797614185,0
3.6480088648497913,0
3.671519175075332,0
3.6456694460255585,0
3.680346304294748,0
3.799874690587179,0
3.7449908333572086,0
3.797001712471414,0
3.7899843776429063,0
3.7255128345110826,0
3.650386756551311,0
3.6022589866776804,0
3.5820717435363436,0
3.598461861550455,0
3.6109237322581818,0
3.5634816352527237,1
3.6148024182167857,0
3.6312118540502345,0
3.6265344623046887,0
3.5545819699778933,0
3.702373751166743,0
3.664473302062687,0
3.734963041681117,0
3.6048496164896853,0
3.7267603825098368,0
3.7544285862464135,0
3.6328588152261405,0
3.7674318004825778,0
3.751834100881155,0
3.747088462740875,0
3.6608669896540125,1
3.65741489146188,0
3.73609621144284,0
3.704268398770536,0
3.718645998141567,0
3.6146280482886843,0
3.7675089311792873,0
3.742582273376327,0
3.6891515480549097,0
3.7376136983506236,0
3.5749542807367845,1
3.636337048238455,0
3.610394623798665,0
3.6860263214858167,0
3.656221986046107,0
3.6065377021635547,0
3.5588474887927477,0
3.5939312053265127,0
3.6467979958550956,0
3.634632007245612,0
