3.521993283478724,1
3.620363906648845,0
3.6621815179484285,0
3.562959386255789,0
3.6464613271016395,0
3.7204898478280217,0
3.691873442488957,0
3.7523450176874253,0
3.7327637277060566,0
3.612991759812318,0
3.6387515564111417,0
3.5890997499076067,0
3.593360650888233,0
3.5823218448655814,0
3.6340000059320374,0
3.6412880733574693,1
3.623922860171487,0
3.66127494964889,0
3.625796087354157,0
3.6251293166110856,0
3.6719059150619446,0
3.658337252566607,0
3.6469194495497774,0
3.630966740824536,0
3.6153743048570517,0
3.6122235729974186,1
3.6924610525281985,0
3.7110118985189766,0
3.6236712973873697,0
3.7013706559478714,0
3.6094596999192063,0
3.655625207914722,0
3.657953661105725,0
3.6656880585558085,0
3.621168170764129,0
3.6819141274079934,0
3.641617047303833,0
3.6830676825210986,0
3.6147195001565446,0
3.6598972604987767,0
3.7037359669390555,0
3.5816208945573385,0
3.642628668673205,0
3.5670289210464268,0
3.657497029982331,0
3.6814503472054456,0
3.6965132367213798,0
3.6970515341385615,0
3.589805628476645,0
3.6777497520936455,0
3.6253933934487006,0
3.63243570514797,0
3.568353931776477,0
3.6276084382461846,0
3.620860722169652,0
3.6176524743989384,0
3.7273748318223068,0
3.701607312369576,0
3.6982875777846425,0
3.7212742636130014,0
3.637254919585402,1
3.6093861413918997,0
3.632331181547367,0
3.7223005657493573,0
3.7153756943565877,0
3.602074516438555,0
3.6496075782535002,0
3.5895193771503697,0
3.537066207817298,0
3.659659948019407,0
3.6788251420650364,0
3.700459121630496,0
3.6727645200388164,0
3.687858352855421,0
3.7323827046746123,0
3.674415921388449,0
3.5289901430369834,0
3.6511867680945884,0
3.5975366546483807,0
3.5846042635712987,0
3.6670691923273626,1
3.681717323442194,0
3.6493024047908396,0
3.7394633697706547,0
3.6320498585360426,0
3.6353358254469983,1
3.638474810147661,0
3.7060549870710884,0
3.664538555523837,0
3.696516994806742,0
3.809919702759638,0
3.8342073467673123,0
3.7789966638303794,0
3.8026229482953933,0
3.8029210501263524,0
3.612161973864392,0
3.6419186177855853,0
3.5099443858831405,0
3.638361006365366,0
3.631774916360958,0
3.626939286601497,1
3.784487873231045,0
3.777325810428955,0
3.7307185924165633,0
3.7435002031953792,0
3.6434706154777614,1
3.635165265409662,0
3.6405807135993826,0
3.582378682518092,0
3.6771513441388435,0
3.682594418397928,0
3.6881109404346093,0
3.685433191782817,0
3.7266232334974316,0
3.7358068008849976,0
3.7538748470908505,0
3.673153080025964,0
3.7256233131874943,0
3.7544137264736106,0
3.762630377982968,0
3.6088208218959794,1
3.6014918383315813,0
3.571241323481644,0
3.712275649979121,0
3.68174728290173,0
3.7561363922995223,0
3.675821149896599,0
3.7434107934992675,0
3.6427280259711634,0
3.7212302785842155,0
3.564454528004805,1
3.5186661563050947,0
3.5695379640049807,0
3.586780898090094,0
3.5437342362374507,0
3.7870179513970426,0
3.77506766805354,0
3.7694147549311805,0
3.7021366164457983,0
3.786544746515722,0
3.6600875695269552,0
3.677792749544553,0
3.6515821349595874,0
3.7216253231150955,0
3.6013291622444292,0
3.690051639539397,1
3.6820858737788997,0
3.647244950181684,0
3.6753362211190623,0
3.6301367558843785,0
3.7127908973362533,0
3.6930567156832406,0
3.6219976931859907,0
3.6184184136916784,0
3.6891679764981036,0
3.6494750002448066,0
3.607084474326679,0
3.6361495445016905,0
3.604095619740434,0
3.6615317919934802,0
3.7594935764158275,0
3.6814948435271333,0
3.674613545396951,0
3.7779413614666018,0
3.7641768076548954,0
3.651787929334901,0
3.652631901934256,0
3.696889302138407,0
3.6366172267759524,0
3.64946846356842,0
3.6426065376647943,0
3.685952927689357,0
3.6743666607079044,0
3.6087865673233566,0
3.6320294252135934,0
3.7313776976457214,0
3.62550216042573,0
3.7090299403917295,0
3.6806026721340883,0
3.7059763736229314,0
3.708410859189376,0
3.5911137359074483,0
3.586095146266659,0
3.7064743360295798,0
3.6971286883233803,0
3.7517862206472063,0
3.628149096973101,0
3.66238731158015,0
3.7511755210296043,0
3.746840487056951,0
3.755396372301566,0
3.70099990782248,0
3.691755463449139,0
3.665548359630038,0
3.677573971947945,0
3.522567241716694,1
3.576455626497523,0
3.595600871795013,0
3.6014911164714167,0
3.5796877354413525,0
3.642833639390093,1
3.7269518665500625,0
3.6465924043192213,0
3.6592627256011103,0
3.643284107183249,0
3.6297215339421713,0
3.6745950049176725,0
3.6684401126450554,0
3.5445811516009496,0
3.661763363823606,0
3.6683316219975928,0
3.636860158547417,0
3.6796497228632328,0
3.6528142125672542,0
3.643874745859741,0
3.566640543560687,0
3.750493349990222,0
3.695377251386021,0
3.716897157769286,0
3.6780935166337314,0
3.699879721157144,0
3.6607924982385076,0
3.719575253041678,0
3.7142591838381307,0
3.643400210563586,0
3.761954944730951,0
3.72700766920894,0
3.8007968201656537,0
3.8038602131379498,0
3.6889013217310667,0
3.6261842240950966,0
3.7177620473406447,0
3.6968950459366123,0
3.6446472473470046,0
3.621088169534819,0
3.8524255037463195,0
3.8702914665784416,0
3.8644169843002416,0
3.8513131021828175,0
3.767282481022136,0
3.732173396201171,0
3.670230239996301,0
3.7175836439297605,0
3.7664616408798497,0
3.7107449335129505,0
3.7104406347233296,0
3.7511882997240695,0
3.6392074356148245,0
3.6547395359319954,0
3.738055143358831,0
3.5622799139179686,0
3.553439704916823,0
3.5619366671107215,0
3.636272635008565,0
3.633427696250341,0
3.6133447596604973,1
3.665354364547069,0
3.5893843507649277,0
3.6446868407362407,0
3.5774354320796453,0
3.657498039186084,0
3.657826369662078,0
3.697108726657602,0
3.702663215101978,0
3.702049641216171,0
3.656733825792353,0
3.6081069964468875,0
3.640349717158812,0
3.5704402872302143,0
3.551562964282513,0
3.6368926248717424,0
3.591986015550909,0
3.7007637283237624,0
3.621232509630709,0
3.691178149182196,0
3.604132127867195,1
3.725354756654835,0
3.6922883483687716,0
3.6633289230109813,0
3.721539729508971,0
3.7224423339037687,0
3.7196060568577494,0
3.631600753117487,0
3.6892722845658046,0
3.6174538596002774,0
3.7179581374073174,0
3.6961074949059567,0
3.63284094712072,0
3.667620893107063,0
3.6978593279250265,0
3.7609323982489933,0
3.7572683948063403,0
3.712382201915777,0
3.771107938795668,0
3.7105154624162244,0
3.679165518100926,0
3.662487069728,0
3.694146833505024,0
3.6884608159997323,0
3.6701431846879324,0
3.5540897239384797,1
3.595866683917972,0
3.580904164149476,0
3.583662577889198,0
3.5577122909082037,0
3.6358926540201844,0
3.7038104215321885,0
3.700805093750758,0
3.5921423715541083,0
3.5968229874546034,0
3.592069592921514,0
3.6227026925166226,0
3.5575225113636653,0
3.641006742964449,0
3.590361252155625,0
3.64768886626846,0
3.6890494721197475,0
3.716627286385926,0
3.6431009669766024,0
3.6316698476724234,0
3.728953272289845,0
3.729287595336124,0
3.6220196268927216,0
3.664903436013031,0
3.7215186722669102,0
3.6152069919279377,0
3.7596916342342577,0
3.613309585802821,0
3.7281318416410802,0
3.7213502877205276,0
3.6358607671396395,0
3.5972054872350117,0
3.534798982331818,0
3.6494207780705246,0
3.518193617269023,1
3.647279806118468,0
3.574574699023619,0
3.630473450900385,0
3.5904888522460223,0
3.5445243659228365,1
3.7073271183298107,0
3.6049534008732373,0
3.7191212799207576,0
3.6056833428899315,0
3.6484163256428386,0
3.647887424972551,0
3.6651452001730984,0
3.6203521655102873,0
3.664436656757036,0
3.621335453006923,0
3.593426683147179,0
3.5910638437343345,0
3.5683449965346594,0
3.531304918848346,0
3.529626259958948,1
3.638178713519354,0
3.5661084245904338,0
3.6324765125648706,0
3.5591344998959085,0
3.5282768027023277,1
3.6772470463186937,0
3.633260434962081,0
3.7076319513468405,0
3.6443898074855072,0
3.5943736475536854,0
3.6347809339764963,0
3.623964372804668,0
3.5800163889423757,0
3.6005084997476873,0
3.6474897391113954,0
3.676351850568465,0
3.6785700598574933,0
3.6601678800947783,0
3.6468018521688266,0
3.5696183249574327,1
3.622501995434451,0
3.669235616333752,0
3.642052900374985,0
3.5991274145730743,0
3.621290544647373,0
3.601456166983471,0
3.656263350170401,0
3.6402678920314893,0
3.6281191592147914,0
3.566306693319178,1
3.610879998657554,0
3.696624609116588,0
3.684092939520102,0
3.7020125306359697,0
3.5449874344487617,1
3.666652214165853,0
3.7360345038644707,0
3.7409443806112317,0
3.632025978803971,0
3.718626446069472,0
3.64627844095882,0
3.6206502236169023,0
3.656543737231673,0
3.573414858775348,0
3.522701687323047,1
3.5477353041587043,0
3.5925828631650973,0
3.5461875680560215,0
3.5889822786492696,0
3.5110644679105474,1
3.716787457025911,0
3.6203734233041605,0
3.714116266065869,0
3.686436313550714,0
3.5813741444931235,1
3.6650960044108887,0
3.6493272868402085,0
3.578336494527783,0
3.6668621924170925,0
3.606551210994179,0
3.704906251314151,0
3.7043283170106487,0
3.698684454588479,0
3.663644093466997,0
3.6395800988505105,0
3.5408606160468876,0
3.6997120490444804,0
3.6340427626036806,0
3.6690122743640106,0
3.6697402230022313,0
3.5892768220560094,0
3.6087552012261064,0
3.5147444922313813,0
3.5940744009703196,0
3.52622690257426,1
3.70428135376756,0
3.738673467865309,0
3.7422294796556383,0
3.669495258191145,0
3.642218789185675,0
3.636323569318629,0
3.5959705307397885,0
3.592913192661274,0
3.5935953870032127,0
3.616358417277792,0
3.678856736313319,0
3.7082967490307808,0
3.714317993915369,0
3.672238931005392,0
3.68683769313754,0
3.5446873668284886,0
3.5772249899796535,0
3.5979681170474755,0
3.5772274777817072,0
3.5100075161816577,1
3.644533923928095,0
3.5305421293177317,0
3.6535029285226064,0
3.6420160538277764,0
3.5865230899815894,0
3.6534599894690754,0
3.6545490428327585,0
3.555756784270939,0
3.639456824483931,0
3.5803168746042933,0
3.7719575256891784,0
3.673462060000597,0
3.7223321995765897,0
3.7003110022598706,0
3.709199282893491,0
3.6020748981672175,0
3.618760180971364,0
3.68083769315185,0
3.6524546212528874,0
3.614696189668509,0
3.6350280098529266,0
3.6511213415740325,0
3.691432268944294,0
3.629747852225917,0
3.6160779296406558,0
3.616988017950349,0
3.594317473617,0
3.555497850515154,0
3.6106173466220355,0
3.6224808617100734,0
3.635910363245342,0
3.664015088016544,0
3.7095771506036574,0
3.652327466046369,0
3.5170561129415105,1
3.679370989574805,0
3.6978944436903167,0
3.67482301491647,0
3.6483152397085568,0
3.644754017465177,0
3.634040888942063,0
3.6005702661884347,0
3.5620250582192137,0
3.5613888874982953,0
3.6213847134586428,0
3.73771473742814,0
3.6792696694205027,0
3.7660814176922894,0
3.7427513130224113,0
3.7514284055154956,0
3.6382399557901355,0
3.528993785287864,0
3.6552923139801754,0
3.6703980872263755,0
3.6439358233074106,0
3.596527729622718,0
3.6511951057881404,0
3.571166183092671,0
3.6153147545262163,0
3.540431196821736,1
3.7565406187017056,0
3.7162544575600296,0
3.6070320125551736,0
3.777433685875255,0
3.7522186005578977,0
3.481520244218145,0
3.651599235224744,0
3.676475063192724,0
3.6696455779035118,0
3.696491315174168,0
3.727327962646145,0
3.7383462870276567,0
3.70283825463489,0
3.7393012496318194,0
3.6057489384480816,0
3.597936249322286,0
3.5314573128879343,0
3.5845509339046995,0
3.609726123791965,0
3.53367608696116,1
3.720070539784152,0
3.561645397892304,0
3.6468701863790036,0
3.7307571798220747,0
3.725396961441789,0
3.754450950592686,0
3.829879553725797,0
3.7327665632410785,0
3.830282809610762,0
3.8091061611763752,0
3.609948009103055,0
3.576582527317342,0
3.665394044513894,0
3.6390228967263885,0
3.616255418928958,0
3.6150284687844914,0
3.6447920329426218,0
3.698240197509208,0
3.6764514605465797,0
3.63903510693879,0
3.6975171316816335,0
3.7126204969816494,0
3.686680949147053,0
3.6832158269936124,0
3.6391143223653706,0
3.6828179106480157,0
3.7431429720650717,0
3.7273442032416924,0
3.658527880829748,0
3.7003638550129656,0
3.693793589844135,0
3.6606541599573763,0
3.6513646909679562,0
3.5903516743706057,0
3.6919685902689694,0
3.621751325911838,0
3.54620571593152,0
3.6933102062517404,0
3.702643572328184,0
3.624869378957053,0
3.57435772854534,0
3.6341505017235756,0
3.621588500550798,0
3.6693350417276016,0
3.531771475097065,1
3.565636991556015,0
3.6659181378763135,0
3.6928313553419185,0
3.682281282465626,0
3.5736775312047184,1
3.7402978517774876,0
3.678615005515212,0
3.6827648489257507,0
3.7581532740760277,0
3.6997186285116377,0
3.628803671376487,0
3.6031448678907148,0
3.6221613451685397,0
3.538006064860924,0
3.599141590003254,0
3.656288214274825,0
3.5755714889371752,0
3.6802868420879165,0
3.6260362218032194,0
3.683720310600327,0
3.759297498627698,0
3.8020232297494236,0
3.7454659061628854,0
3.7779202056849512,0
3.765612259843485,0
3.671136720965297,0
3.5819639873014544,0
3.647630237013021,0
3.6715957722116985,0
3.5736957802288734,1
3.5637836730606933,0
3.6248310325135837,0
3.675401765473462,0
3.6495869752507226,0
3.6944385082972726,0
3.578182815996225,0
3.669051757102858,0
3.622688994125803,0
3.6486658788865305,0
3.61078704256701,0
3.6993190809465117,0
3.7179821308939793,0
3.6717840535075483,0
3.6759975898617236,0
3.710439942236133,0
3.6118770164572984,0
3.576341848475875,0
3.610466339913661,0
3.606690113558524,0
3.544775500357942,1
3.630818313349138,0
3.5908890733451537,0
3.66005295948963,0
3.6357820811664454,0
3.5800491712524822,0
3.575384367529451,0
3.6068405689602505,0
3.56826620405207,0
3.6411226211222973,0
3.538431296947838,1
3.691417712019867,0
3.653778387089758,0
3.7353339061971775,0
3.6539152373555823,0
3.72319113112417,0
3.6176653296974353,0
3.6310941780207853,0
3.681109564943882,0
3.666370907326723,0
3.672575789381377,0
3.7714644866329863,0
3.7953252611992343,0
3.7172433846011907,0
3.750339860746336,0
3.6973169745114407,0
3.6649869712694088,0
3.6969718171085852,0
3.685766322337703,0
3.6777753542278133,0
3.6843788212292212,0
3.654123512290293,0
3.639813216982397,0
3.682331014749676,0
3.584254677115675,0
3.6381141673176987,0
3.667409604962304,0
3.582695164895614,0
3.629449866302933,0
3.705936772914086,0
3.699185791532183,0
3.975717000561494,0
3.9670872626779183,0
3.9722998927100472,0
3.9710456097800577,0
3.9713731307516555,0
3.9784617902504915,0
3.978531115563353,0
3.9825374133313765,0
3.978919514516064,0
3.973050402186167,0
3.964740108981495,0
3.969363757856678,0
3.9722233903263873,0
3.9648632874977805,0
3.975036583444948,0
3.9206413208056246,0
3.9024495076536,0
3.9043069909241974,0
3.908580351378173,0
3.9192854290685557,0
3.938163667117723,0
3.9542253266646794,0
3.9561648737801627,0
3.9341738644767634,0
3.9499015396498676,0
3.9682286461880527,0
3.955534615688608,0
3.970583279373125,0
3.943254531300902,0
3.971048234182273,0
3.9430134802637378,0
3.93914932092841,0
3.9417318573064057,0
3.9513692843580537,0
3.939146299431586,0
3.938822066579596,0
3.940012297236199,0
3.9011623386156624,0
3.9235311731373934,0
3.9204424843130665,0
3.9397612817507204,0
3.9448200284175385,0
3.9160330076147947,0
3.94858966924066,0
3.9483662730041584,0
3.926581598491941,0
3.9559431340409135,0
3.9425442601284924,0
3.9495630818204877,0
3.940007556732163,0
3.8372879263561717,1
3.910780516181761,0
3.8837581649733783,0
3.9109011954383437,0
3.8930067445333387,0
3.874155480478966,0
3.923362331142179,0
3.91029837774342,0
3.922062086672123,0
3.9274510479211067,0
3.835525029240189,1
3.9021872688983,0
3.901335242784739,0
3.8998300241620596,0
3.9022874215633783,0
3.935367258205246,0
3.9608811520743394,0
3.953815197070421,0
3.9632142065768923,0
3.9527145544351354,0
3.960256150633931,0
3.947592835746624,0
3.952604584098755,0
3.95549222276378,0
3.9382540465576477,0
3.8854754580400694,0
3.8680331532041503,0
3.8946667586746417,0
3.9120356017210014,0
3.897117387792863,0
3.9401993167079574,0
3.9432350203990882,0
3.923393279251191,0
3.925660302716049,0
3.934992766974377,0
3.9161968791942026,0
3.9101706174601825,0
3.9285699479301486,0
3.8763465103943213,0
3.92673734140089,0
3.837461987537637,1
3.939902126790015,0
3.9417538601533546,0
3.9274527857330606,0
3.9398204127345693,0
3.925576797044045,0
3.949473890189971,0
3.935805138122388,0
3.9524842813547036,0
3.944813568809792,0
3.8563730702448415,1
3.9236553155935696,0
3.9197263386910635,0
3.9215899805124654,0
3.920561395467661,0
3.8564748823598927,1
3.9063488034499936,0
3.9069885890814495,0
3.851932986882469,0
3.889672771627783,0
3.957485551717162,0
3.96342332963097,0
3.9602122190120252,0
3.943235223487602,0
3.9606252750441358,0
3.9712855890875067,0
3.965818467491932,0
3.974696334929965,0
3.97670685611052,0
3.9794817605081843,0
3.928967636023595,0
3.922023893324404,0
3.887045951782028,0
3.9318885516121287,0
3.892846162288229,0
3.934543076425061,0
3.916618630464715,0
3.9149245452947143,0
3.923743744978974,0
3.9122546618774883,0
3.9322337029913754,0
3.920558816561361,0
3.9451367092281733,0
3.9338888200891167,0
3.920811643481216,0
3.9210685281478534,0
3.915964524096683,0
3.9013583761889805,0
3.9008646799292435,0
3.917117252641687,0
3.927947305072907,0
3.8852522394113818,0
3.8882945246039444,0
3.899891482111916,0
3.930983235150704,0
3.855898588397105,1
3.8952883809876244,0
3.898905379436693,0
3.8933327247917795,0
3.8822079356016705,0
3.9332022971542457,0
3.9168557854764443,0
3.9349290203759963,0
3.925042855644444,0
3.9129912815101227,0
3.966325171517786,0
3.981296091533179,0
3.977494997074853,0
3.9795813520490806,0
3.969228630200653,0
3.860783474774786,1
3.91033888184848,0
3.879400885862757,0
3.8686005943281367,0
3.907136621432088,0
3.903328688642735,0
3.8903008436737054,0
3.9059284355695465,0
3.9006046941532846,0
3.864163755707673,0
3.961799008935603,0
3.9518729146838916,0
3.964414936230459,0
3.9214746702967647,0
3.957536500092265,0
3.95589169172013,0
3.96242153684777,0
3.971803711201751,0
3.966417022358615,0
3.965536870080023,0
3.940370026545159,0
3.9098139906333076,0
3.9408368854049036,0
3.934663289796976,0
3.926162890000995,0
3.9567017427479683,0
3.9584815415046903,0
3.960328621897486,0
3.9604966121909353,0
3.9687491213278996,0
3.9545693418287438,0
3.957110075130843,0
3.9549319665840894,0
3.937833558893758,0
3.9547065615352364,0
3.928154755113223,0
3.93571014090697,0
3.9363439872437307,0
3.9113282081162732,0
3.9451441922920316,0
3.9024231549023196,0
3.8856573778799874,0
3.860639874315,0
3.9114415477359707,0
3.90744411476374,0
3.8385482662690014,1
3.901583712025415,0
3.930128945375878,0
3.928585412988654,0
3.9238999720631482,0
3.8815633424212823,0
3.903950249860224,0
3.9405550872638626,0
3.9344837609618626,0
3.9369489242153577,0
3.8362295321445177,1
3.909212803914806,0
3.895540183464762,0
3.893120261752902,0
3.9092203850556095,0
3.835524851032209,1
3.930485005297531,0
3.9104648993382054,0
3.9313650679092933,0
3.928357421778817,0
3.880671696927546,0
3.90296000289179,0
3.8748006193369062,0
3.900178908382222,0
3.885413103160201,0
3.9686640232943464,0
3.9710369487754225,0
3.9790233744163808,0
3.970733479410323,0
3.9770256585737482,0
3.8615501484709136,1
3.879364261479564,0
3.8826628743118112,0
3.918440206373561,0
3.9186918822973937,0
3.967744029500368,0
3.971486114814301,0
3.9511605505067577,0
3.9436388015509025,0
3.9680589158948045,0
3.834115104175171,1
3.9288903582646526,0
3.9304030037061883,0
3.929857047233307,0
3.8938050209542867,0
3.9593534221785944,0
3.9591076684082784,0
3.922728434235018,0
3.955817470654222,0
3.963420854173821,0
3.933549493623925,0
3.9350830733602797,0
3.9287271895132183,0
3.8979116769946587,0
3.918014313589371,0
3.9222644500801938,0
3.9162454693447986,0
3.895977516198833,0
3.8596271674560603,0
3.9156319042636527,0
3.838005585087271,1
3.9329527006196114,0
3.9162362280846517,0
3.933118076130067,0
3.924579282137002,0
3.875364914694503,0
3.938219313690436,0
3.932041486569787,0
3.9381358561701045,0
3.933476186495203,0
3.8409610771895473,1
3.9253410403117357,0
3.9303791788820206,0
3.926979444024014,0
3.927265243232503,0
3.8519321629729344,1
3.90508903702526,0
3.8655852763510725,0
3.8992397108476125,0
3.8919224197490423,0
3.942709980015993,0
3.9358829460958527,0
3.9321790397114538,0
3.9139849477826596,0
3.944757579381574,0
3.936185709553838,0
3.9500032663973523,0
3.9315977747976865,0
3.949918641996612,0
3.930820198442894,0
3.9514768358421968,0
3.965650506787965,0
3.959511493156512,0
3.955129657581101,0
3.9466737630637225,0
3.9368752638306614,0
3.926847064524567,0
3.932897934486762,0
3.9327209779411856,0
3.9432447428363813,0
3.865083436253834,0
3.892473764065632,0
3.9111053038651247,0
3.8883967326957016,0
3.9159082191295007,0
3.9521651124704493,0
3.9507449315454273,0
3.950041507865552,0
3.954550049943998,0
3.951491883279334,0
3.8627047483090253,1
3.928423888557477,0
3.9034157765195228,0
3.9320588327063692,0
3.9291511712953175,0
3.9150940434686774,0
3.9015653268222157,0
3.9285449706750564,0
3.8751892498715583,0
3.9189837459433465,0
3.9258361564664366,0
3.9402012635922365,0
3.9444579274305065,0
3.9483282711790886,0
3.9434121379373166,0
3.914170949230047,0
3.9077993246899307,0
3.914769217739834,0
3.9345705197963645,0
3.933975259426356,0
3.89895815751745,0
3.92333826805729,0
3.9114779246354447,0
3.9117484694073497,0
3.933455544120711,0
3.935593051912695,0
3.9167926115595346,0
3.924311354754023,0
3.906442290687077,0
3.926526451620411,0
3.932167369611455,0
3.9319846955506255,0
3.9229910373852803,0
3.926935553725929,0
3.864686110646038,1
3.9194198254824277,0
3.9208365089305253,0
3.910185008791352,0
3.902101702512716,0
3.8459251903928595,1
3.9143722385819006,0
3.957360502564262,0
3.9497035108704233,0
3.93751674111363,0
3.954615419435845,0
3.947310913599604,0
3.930653542480506,0
3.9359207543430275,0
3.953034203645361,0
3.958061448399823,0
3.8730579875615208,0
3.880221496107177,0
3.8830175415893837,0
3.890913318314648,0
3.866448178173074,1
3.928813771957654,0
3.901811183679449,0
3.9393418550655404,0
3.930686296319376,0
3.9289105494793715,0
3.929160600263001,0
3.9104412402812048,0
3.9305224330437447,0
3.8409530578923103,0
3.922872325903816,0
3.9338895920779953,0
3.9480779425583648,0
3.948374552578674,0
3.9481307820845037,0
3.885388402274828,0
3.9686394597288706,0
3.9689778336273465,0
3.963164411191026,0
3.9612612860425753,0
3.9631461308680755,0
3.870611235059808,0
3.9006331834404175,0
3.8972591318949132,0
3.8546986073137437,0
3.8597437882007943,1
3.9173581208864454,0
3.904036632329519,0
3.9125978703532103,0
3.9129069934085017,0
3.8709251425336504,1
3.972378911730825,0
3.9660905455692337,0
3.965049157783808,0
3.976779076270475,0
3.978680116203366,0
3.9758411321934535,0
3.9673205864376517,0
3.974287577768344,0
3.973734558653701,0
3.9734533287224725,0
3.964186328659748,0
3.95915395723356,0
3.960244986526463,0
3.9575516278384053,0
3.9515043758712265,0
3.8955980763045144,0
3.87796111103708,0
3.8974974235367745,0
3.9003852190538453,0
3.8676567873960632,1
3.9425846115669914,0
3.9009343366747737,0
3.93662204421578,0
3.9380926388501805,0
3.9351837269126664,0
3.8576364310215245,0
3.9062244940759907,0
3.9170817894663363,0
3.920271939228586,0
3.9101466422621955,0
3.925835189999086,0
3.95250830170093,0
3.9535679245377735,0
3.94563186452424,0
3.928345077906485,0
3.911501466707685,0
3.9004813933761127,0
3.9221923683463302,0
3.913528038381516,0
3.9044531097622333,0
3.9290000046843314,0
3.933155173501515,0
3.9436446725564207,0
3.944848920868397,0
3.929171676586154,0
3.8902099706222706,0
3.9049407041503326,0
3.911733534708537,0
3.9014280064871714,0
3.872013526206404,1
3.9534637978036526,0
3.9608205028210794,0
3.9540489668311154,0
3.9374943655357537,0
3.9519188465422044,0
3.92165144669562,0
3.935407495593908,0
3.932140733141054,0
3.917740332552008,0
3.8765397594914335,1
3.9401643682376206,0
3.9532195053786525,0
3.9519459779728723,0
3.926388442970468,0
3.9515280478120696,0
3.911746646933268,0
3.930569104622127,0
3.923928895887818,0
3.8729055181051746,0
3.924724068502632,0
3.960225753063499,0
3.9702373858713753,0
3.9439563770641155,0
3.9679151099436365,0
3.9686461490488494,0
3.8873127244496115,0
3.9404776392395675,0
3.9399536371156043,0
3.940750160606004,0
3.887168144702704,0
3.8787159799007407,0
3.9028584097334638,0
3.8879440330578765,0
3.910791708098224,0
3.903849956912324,0
3.9456582686431845,0
3.9491813644204385,0
3.9426011126244207,0
3.911893166430705,0
3.9132789231926566,0
3.928491517515574,0
3.9306066629027305,0
3.922908900075744,0
3.9021446238339013,0
3.847961404834659,1
3.949690149914603,0
3.9487637235820876,0
3.9446220471158786,0
3.949902953151338,0
3.841418967486872,1
3.9452160636635503,0
3.9172660752978348,0
3.942404839818091,0
3.9203452186168346,0
3.948123987562517,0
3.9524071381718717,0
3.951516949528107,0
3.9502592747969474,0
3.9420996774693355,0
3.8662362036498745,1
3.895421269128651,0
3.9271375702543616,0
3.8734872249511763,0
3.9028952547737346,0
3.922732302416919,0
3.9261283206470923,0
3.928328411386322,0
3.924230265598518,0
3.924013167511078,0
3.866217254506496,1
3.9015675050996497,0
3.9004210204050986,0
3.8985920095673334,0
3.8670678215247762,0
3.8591471569113027,1
3.947818813627366,0
3.954777245829738,0
3.93261171746173,0
3.9248135501089285,0
3.9535402609426793,0
3.957827079156977,0
3.9598068964134017,0
3.910171253276677,0
3.9622422542896176,0
3.9637350125560014,0
3.922188694300593,0
3.9232057908651665,0
3.9056327531848187,0
3.8722434524578917,0
3.8598475231133125,1
3.8939834964736773,0
3.929749749024326,0
3.921536042932441,0
3.9218516521187197,0
3.8565156552185202,1
3.920681928250219,0
3.8835020163307292,0
3.89463813743214,0
3.914244568291804,0
3.912818858654057,0
3.9530204692003053,0
3.9474129842136683,0
3.90794925880429,0
3.9546483723693533,0
3.9491634005929126,0
3.937503807223177,0
3.936827621226973,0
3.939124891360629,0
3.9093381615823715,0
3.8484344070141425,1
3.9301453543266396,0
3.90682065524564,0
3.916064044204304,0
3.905447480291074,0
3.9274087903687405,0
3.962355374847013,0
3.9619780606669845,0
3.9634473240347297,0
3.9499210850063506,0
3.9054768281586414,0
3.9609701228132,0
3.9642396694041593,0
3.9608096891587024,0
3.9654583675819035,0
3.9069621350478823,0
3.9315900633749035,0
3.938765441647403,0
3.913255417509214,0
3.934560357026846,0
3.8930494004108604,0
3.894563011338368,0
3.8882653985873543,0
3.8979058399621636,0
3.867493400641955,0
3.8780970786259177,0
3.9275814548214267,0
3.9308392487970716,0
3.9319695830487715,0
3.898717670108901,0
3.843529884486703,1
3.910796073160402,0
3.9378836228699274,0
3.9483730056548128,0
3.949130628811192,0
3.950063047096692,0
3.953932947311447,0
3.959706577333295,0
3.9611874753794645,0
3.928008086244925,0
3.9412640483459627,0
3.9277948367700266,0
3.9444561905482223,0
3.9407781743823573,0
3.944418360097674,0
3.8496167952163147,1
3.915302302775654,0
3.917843404344719,0
3.875145823687888,0
3.9147406592508474,0
3.8697041253823494,1
3.881302973434554,0
3.897967632792177,0
3.9098936405707376,0
3.883985003723576,0
3.8711413232272025,0
3.8951952606922764,0
3.934230323424921,0
3.9115021485067434,0
3.924279108917536,0
3.934496404026175,0
3.9826479693904484,0
3.981192595695601,0
3.974376924146989,0
3.9805724055134024,0
3.971354114757518,0
3.942306233300758,0
3.9352946693033566,0
3.941941385969387,0
3.943691791327028,0
3.844443900099158,1
3.895945242806962,0
3.939987333464942,0
3.93549130012107,0
3.9324278338278424,0
3.9034857909442926,0
3.944545316460926,0
3.9443774885410012,0
3.944111184648556,0
3.929313970009286,0
3.8707225694693057,1
3.9424158568785868,0
3.9425064194992836,0
3.946711680784533,0
3.9475245864282904,0
3.946926595950999,0
3.8604177763804057,0
3.882925733911005,0
3.9201598468709506,0
3.932268709604655,0
3.933378364489359,0
3.935389564157031,0
3.8718448884624856,0
3.926292893256928,0
3.9252956016175045,0
3.939909180732197,0
3.9476975906295935,0
3.951605092936965,0
3.9211857245700705,0
3.93328370289915,0
3.956686473568991,0
3.9593716903932927,0
3.944652356444008,0
3.9664931312833955,0
3.957927722473602,0
3.9687715022986363,0
3.5844663742886644,0
3.709981480718627,0
3.7099828646221633,0
3.7203246657581044,0
3.5980774546387724,0
3.7030359719547077,1
3.7287912787960673,0
3.6740293119987673,0
3.7072093718747396,0
3.719657959137434,0
3.600600749117259,1
3.7026956372401463,0
3.684824836679216,0
3.6611916527162167,0
3.700971813226446,0
3.625105184330621,0
3.653979442139384,0
3.5920130686779,0
3.634633208658373,0
3.578433144305139,0
3.640726437520655,1
3.6656919249742916,0
3.6714604071491053,0
3.6680083468898115,0
3.666227698620459,0
3.5726916805474738,1
3.6722446820339085,0
3.6548980853264466,0
3.632429352960922,0
3.6378371294914458,0
3.6019935863116705,1
3.6973395309902553,0
3.6573229581526596,0
3.6891461268899355,0
3.6824274547391598,0
3.749054274983402,0
3.61778658781215,0
3.7277451527680854,0
3.7648915397652405,0
3.7471248416566936,0
3.7554617210591306,1
3.776978239518897,0
3.755500583111347,0
3.7738884695856068,0
3.759349309092464,0
3.6558478495394118,1
3.7476596147508157,0
3.681013898932164,0
3.687271036921162,0
3.7298038426682063,0
3.735125562757158,0
3.71360576968837,0
3.719515928030865,0
3.7250847044363655,0
3.736382151415619,0
3.5603143659100907,1
3.593802412175349,0
3.6726110381867834,0
3.6785785860732303,0
3.5970448656032703,0
3.6354987111525587,1
3.694666326615926,0
3.5930688575128733,0
3.6341230921633976,0
3.651391612681094,0
3.6916598013852844,0
3.7003616535162127,0
3.686246791569347,0
3.6953439292877683,0
3.6938460196913017,0
3.7088776199927675,0
3.694876907081156,0
3.736162424221712,0
3.7142233698656217,0
3.708713448177234,0
3.561127537344041,1
3.6334133691070356,0
3.648739246525278,0
3.6408817025000286,0
3.6471821984462025,0
3.5617458691785733,1
3.679991612584907,0
3.6615677874825043,0
3.6782197962723866,0
3.6977199643441154,0
3.721505906535856,0
3.6891939284150634,0
3.707703732625135,0
3.6315867424849126,0
3.701903341664868,0
3.6012960202373514,1
3.6961512206320517,0
3.663541461315952,0
3.693300176922069,0
3.7197088189123724,0
3.6353999813379074,0
3.6592449880931346,0
3.660827938525366,0
3.6272719483254656,0
3.689880313725088,0
3.6275554571407005,0
3.682202030969991,0
3.6467371614857957,0
3.643308344939444,0
3.667197170411976,0
3.5705361189471114,1
3.695566461957826,0
3.6973770987029377,0
3.6345584026732087,0
3.6558130694148976,0
3.58114453041789,1
3.6538328508259084,0
3.6387852417781,0
3.5919042701029813,0
3.6164352742872934,0
3.7065619167685178,0
3.7199929779031216,0
3.676517727688985,0
3.606334417342123,0
3.643037077720578,0
3.650091616902554,0
3.686324057360866,0
3.700502935750225,0
3.722486771268925,0
3.6409216008245253,0
3.5469647928774144,1
3.617151929927752,0
3.5529679567208,0
3.598231806339276,0
3.594910510501558,0
3.6708710695501456,0
3.6038717224346133,0
3.6616978178589337,0
3.644651190374443,0
3.6259613280091703,0
3.715777214028833,0
3.763459325816029,0
3.8083047561294645,0
3.774139894182525,0
3.7812086249356955,0
3.676630356146765,0
3.6088668949836356,0
3.6694004091780736,0
3.6679217803479185,0
3.694632829328987,0
3.6491091262525157,0
3.5950458334983533,0
3.5689306930876947,0
3.633058458193966,0
3.6601316423167756,0
3.687589881420518,0
3.7528541824744344,0
3.777074739328859,0
3.763845251000496,0
3.7047836951455753,0
3.644533762261137,1
3.709456225670363,0
3.7213555043494395,0
3.709649150508371,0
3.648092335707258,0
3.565602279332158,1
3.6966183064060827,0
3.6561593304972666,0
3.6647259157345458,0
3.710716809863116,0
3.7893863538139674,0
3.701057092926445,0
3.711766185858339,0
3.7955745375193213,0
3.7747144417324585,0
3.5568913253025003,1
3.54318137367906,0
3.6481160574731173,0
3.6315872338880095,0
3.59959613172952,0
3.70997634291963,0
3.710911708788001,0
3.6575598018369813,0
3.6729390908784234,0
3.6698430300403495,0
3.543858349840144,1
3.7229131205281085,0
3.7032821589938854,0
3.7440244337704724,0
3.701065776238534,0
3.7356844940097176,0
3.764905516678851,0
3.7314538032931317,0
3.765829694395434,0
3.743620759115888,0
3.7370964858185083,0
3.7017416152950804,0
3.68789704818265,0
3.718043088556036,0
3.729829192627067,0
3.6370737466610064,0
3.7338147384676557,0
3.678141808042289,0
3.756502599724335,0
3.704980354095632,0
3.611680347354954,1
3.533707463939313,0
3.689050712475137,0
3.7153966647626273,0
3.698079115238328,0
3.6009145703543948,0
3.6279783179597933,0
3.6226238559290143,0
3.6420463479602794,0
3.6346214846189464,0
3.668153030596094,1
3.673808662806294,0
3.6017779251685185,0
3.7089167496655477,0
3.7082349435663797,0
3.7002881285348845,0
3.702412610778447,0
3.6894078263325456,0
3.677807526812592,0
3.5786681397059827,0
3.646957716149703,1
3.6786457551386316,0
3.6901837770197794,0
3.6857321299404875,0
3.6846722019163543,0
3.640413660915022,1
3.624711142023498,0
3.679404068459444,0
3.656439515688569,0
3.6644715484202433,0
3.720464733184227,0
3.731524711620699,0
3.7197688203144037,0
3.730427405835824,0
3.7053729913042472,0
3.5776225666373636,1
3.6767866094756623,0
3.6404912378473653,0
3.65602855150411,0
3.679717890610236,0
3.5775732872894768,1
3.6828435473716894,0
3.6506251698093886,0
3.679361628983654,0
3.683277456456402,0
3.559210955996052,1
3.688297628071528,0
3.6898738868340524,0
3.679769296459071,0
3.6572446019313816,0
3.5933553898338615,1
3.6892833407239087,0
3.6486770579562267,0
3.686759022625914,0
3.6601404892935774,0
3.552265085497174,1
3.7467316090173917,0
3.7104307227656528,0
3.6999371896054862,0
3.7192940551388034,0
3.7175267738660702,0
3.6778391501501613,0
3.6776770494885427,0
3.699814613240696,0
3.6993151777313384,0
3.5595128168431565,1
3.6021778674993543,0
3.5923101126344843,0
3.5835889149697113,0
3.612384866116503,0
3.6367773122387437,1
3.6927720538743913,0
3.6908813401650886,0
3.705129296008239,0
3.678440859863893,0
3.804266970017982,0
3.7791144600286226,0
3.7883791872257855,0
3.7921489291964536,0
3.6428880897896594,0
3.553431733791388,1
3.6955596689156684,0
3.7165064727363966,0
3.6739440682473967,0
3.71968368424138,0
3.582797283745444,1
3.6160374695292337,0
3.673043266742702,0
3.6366912639791735,0
3.6420635896778255,0
3.60515164510364,1
3.661779756020616,0
3.654328564429065,0
3.7013833262362468,0
3.695004382474323,0
3.5577144473624314,1
3.5506233772400804,0
3.6865562486949144,0
3.678560091036457,0
3.6561600531699474,0
3.651273797317237,1
3.777762867120958,0
3.626265623174366,0
3.781273185613668,0
3.771165711223243,0
3.5976236383828164,1
3.6747288337287705,0
3.6821146300564553,0
3.6866343948369247,0
3.6787392523029325,0
3.602385742967096,0
3.754447446944757,0
3.7850677378626587,0
3.786291104892533,0
3.7841831349385044,0
3.734163618567402,0
3.7409797557449442,0
3.6372890927285697,0
3.768257289515373,0
3.7028222672595317,0
3.581194130297609,0
3.6227861019246235,0
3.594774361207488,0
3.686772353707451,0
3.659602643422484,0
3.569665081679549,1
3.6840652447806823,0
3.6882468648441344,0
3.5738917687012375,0
3.6613348812097875,0
3.673634774704237,1
3.735050251569038,0
3.6981841788443695,0
3.621984110870717,0
3.7210121416664648,0
