3.5942026841338826,0
3.577419063054481,0
3.601926696994332,0
3.585691201971433,0
3.6356410652978344,0
3.6907653206210758,0
3.7376727805182903,0
3.7386167979825773,0
3.6952508763548257,0
3.5937283850425628,0
3.786639544132799,0
3.785226364591159,0
3.7037626506427115,0
3.7679717329719447,0
3.727448612646515,0
3.597380871326494,0
3.6280848717456484,0
3.575521692432166,0
3.650768111138932,0
3.62308713433797,0
3.688442665911311,0
3.681688624683745,0
3.6181737937632525,0
3.6378384979387404,0
3.6343051010163587,0
3.693442254976029,0
3.6041135915952673,0
3.660124951573024,0
3.6633279213991465,0
3.5530201671997172,0
3.721857975894889,0
3.7432590689030674,0
3.654929573142863,0
3.65762612631596,0
3.7527708844237857,0
3.6305646046082587,1
3.7103380320940484,0
3.602994320923153,0
3.7158834728181622,0
3.611714599998557,0
3.5871007381135893,1
3.6742735621677003,0
3.6381551450045535,0
3.659077737067594,0
3.6326743041812515,0
3.6747248628281444,0
3.656184292167729,0
3.6414751184973837,0
3.6261809697775464,0
3.623844500818498,0
3.6907699721106035,0
3.6756140679152347,0
3.6504342703541597,0
3.7107828527143014,0
3.6694847082186075,0
3.6378863134204584,1
3.6518762186554055,0
3.6258163955745952,0
3.625112377339483,0
3.653180625662023,0
3.7132649906651265,0
3.648625792349569,0
3.675397323730083,0
3.658150056626839,0
3.67954131171778,0
3.5829552083065104,0
3.62546746794344,0
3.616252085865186,0
3.624916731551071,0
3.623855204831934,0
3.6051466506272,0
3.7171837911975776,0
3.6148845423030833,0
3.681877789999399,0
3.671130417642784,0
3.6460409248458485,0
3.6274677019603017,0
3.624740829215923,0
3.620844017966747,0
3.665619621343702,0
3.675474100763878,1
3.6911612927718416,0
3.611345828897074,0
3.701533977486873,0
3.743100260612601,0
3.572628304683488,0
3.64509361771565,0
3.6767869800843203,0
3.619309636586403,0
3.670660121110591,0
3.7358401787576874,0
3.6594710240019275,0
3.708856929261918,0
3.677883068072692,0
3.626683432386269,0
3.710042947476108,0
3.6879253122940425,0
3.695241584508978,0
3.556438901720358,0
3.72326979404487,0
3.697476479782936,0
3.6957086965327277,0
3.702136644000922,0
3.6755741458011553,0
3.697227580228144,0
3.731398583507555,0
3.705393338479751,0
3.6726936346853183,0
3.7183764183152777,0
3.76469658414407,0
3.560525659622419,1
3.5710629839253745,0
3.645643290144849,0
3.637302160488811,0
3.6076386191077447,0
3.590337793260005,1
3.635094472098687,0
3.645172895767848,0
3.573583248352315,0
3.6215662305682934,0
3.656694984947709,0
3.728979330245842,0
3.721363600290494,0
3.629150592949352,0
3.711415904035262,0
3.6012337087895383,0
3.631507797924013,0
3.679592610656652,0
3.677680769878643,0
3.6774012456760072,0
3.662107627633386,0
3.609133692969919,0
3.662275936650457,0
3.651841298954448,0
3.6455764492563727,0
3.6122944695240715,0
3.5907340242003243,0
3.597736921176229,0
3.5974380115789266,0
3.5719318398133852,0
3.7087106913936463,1
3.7237445904767736,0
3.703680001415297,0
3.7207602921966014,0
3.738190266293093,0
3.680476724644457,0
3.7017851032311366,0
3.67093801131219,0
3.7199575375553158,0
3.653108029950728,0
3.598512191307541,0
3.6693095686170945,0
3.628927148372844,0
3.6933372015892845,0
3.675896072131156,0
3.67055051880909,0
3.635371844624579,0
3.583829082177369,0
3.7130598800773753,0
3.6477845722966276,0
3.635989944549149,0
3.5820700084139094,0
3.605047508385773,0
3.5801397848378405,0
3.6300894044672716,0
3.6375112691027334,0
3.689223138755678,0
3.694584009457183,0
3.682184500935292,0
3.642418485727508,0
3.590682527887462,1
3.59886738662385,0
3.686905976433156,0
3.619016784662404,0
3.58553498650924,0
3.6692780292874296,1
3.6835785972230237,0
3.6659316625818947,0
3.6953457555568385,0
3.6973558872112906,0
3.5963137678811483,1
3.674363437929766,0
3.629773949849171,0
3.5941532423576343,0
3.6141139041554515,0
3.655264267204488,1
3.6666792403712485,0
3.6719947634976435,0
3.6570462184800037,0
3.697993471886834,0
3.737555711502358,0
3.6978899849119085,0
3.727311003666425,0
3.6687274430412313,0
3.706393072418938,0
3.6960161729819143,0
3.5596332184547026,0
3.6632415124269375,0
3.6229518694143596,0
3.674064766565976,0
3.599141763911757,0
3.763342110031969,0
3.766856244095089,0
3.692745734788456,0
3.644819092912096,0
3.6924050982883916,0
3.708892503599844,0
3.7405536477953376,0
3.7163317814613412,0
3.7336411999992913,0
3.5965721887119892,1
3.5550804937928038,0
3.655272682153772,0
3.6823504961146476,0
3.6843128483102805,0
3.581392237627249,1
3.5430786495650892,0
3.5855929205982857,0
3.6710986042428697,0
3.6698601448097476,0
3.7344864115727185,0
3.5825856200498363,0
3.6934519876634484,0
3.6510823859639685,0
3.7004647497556564,0
3.6879922625668575,0
3.6403083046584412,0
3.6724873492300856,0
3.6866535076511027,0
3.610362495746019,0
3.6212600569631217,0
3.636619849770394,0
3.5667948877714695,0
3.568233268917429,0
3.5630008070624495,0
3.4945100913124287,1
3.6459440645313417,0
3.633910535896807,0
3.613267534081692,0
3.6840701439189836,0
3.723720056545094,0
3.729064208209967,0
3.718581393201825,0
3.5897690249837995,0
3.744649298939305,0
3.67656114891069,0
3.683422592740697,0
3.722824601624147,0
3.7303356418342855,0
3.7396068615834133,0
3.5927402461833045,0
3.6793764569306693,0
3.657608982760137,0
3.661298887533553,0
3.540294084416926,0
3.6454838060285497,0
3.599678448511182,0
3.6857426749499522,0
3.6331853190447343,0
3.693746630814486,0
3.6414385989397378,1
3.713807756157888,0
3.62943463934783,0
3.6924376529617304,0
3.652543247827528,0
3.5825528427289353,0
3.6793026576580954,0
3.579138828101079,0
3.6653728875549563,0
3.5973746056557716,0
3.74352748221004,0
3.71557650531127,0
3.641015643963301,0
3.702088704655691,0
3.7310769515951896,0
3.6983406931857656,1
3.680092077057584,0
3.6827273338569526,0
3.6187541583971368,0
3.675151564494078,0
3.595490321639465,0
3.661554120126249,0
3.6857952918983212,0
3.6905084865634574,0
3.658964710558636,0
3.5992091628951566,0
3.583236375198424,0
3.637633304844253,0
3.6191884452340464,0
3.5959208139657712,0
3.745065620807737,0
3.7127848680409374,0
3.7081463232035703,0
3.7435629000576442,0
3.6139981662364304,0
3.631442081929775,1
3.691229171334755,0
3.724880256088197,0
3.6738937653273926,0
3.6809907634048633,0
3.703283760427032,0
3.7310098678815136,0
3.6146500142904507,0
3.7304780997584555,0
3.5962552248508173,0
3.681881675707296,0
3.6892313850691703,0
3.7175333941509137,0
3.7359968363298575,0
3.7296524284129666,0
3.594558601617978,0
3.597262873911679,0
3.640134603858231,0
3.5724390042731624,0
3.6728546308410355,0
3.636663867397877,1
3.623374576208875,0
3.6700166625376904,0
3.5990739496454296,0
3.5922415825123966,0
3.524868234614101,0
3.5958045123747615,0
3.6380025075309135,0
3.6387951720879546,0
3.653118719949932,0
3.640896705764522,1
3.7259527086674034,0
3.6678051194181784,0
3.759964571498241,0
3.6401772367128444,0
3.6567547012581114,0
3.5752219920464947,0
3.546527494018683,0
3.6590440298281384,0
3.6880731185264928,0
3.659017596359453,0
3.6916304772565534,0
3.7162542408428703,0
3.7214632473401896,0
3.641722280605013,0
3.64772731646392,0
3.6529055875881973,0
3.684371046561086,0
3.6367877936327826,0
3.5994132442635034,0
3.684765832050645,0
3.6237670521603786,0
3.6591290091582582,0
3.6276079080275356,0
3.5342043639090543,1
3.5926302357507316,0
3.6459853247916696,0
3.690232581457829,0
3.6745075728987904,0
3.6487043963492813,0
3.709659779173162,0
3.6275245000539846,0
3.699363077950311,0
3.57274676247034,0
3.646271649688986,0
3.7287347387140874,0
3.706928016122291,0
3.686038233110453,0
3.7024414357190776,0
3.7526369898680114,0
3.721370984233591,0
3.720886917086545,0
3.6370355702103323,0
3.6617865367584934,0
3.5382954761612297,1
3.7058192585911653,0
3.6295953283358973,0
3.650873808431779,0
3.6563793370242395,0
3.7090616377668866,0
3.700754511710109,0
3.688965329195742,0
3.547340020695229,0
3.6948353898604873,0
3.640450571256364,0
3.6860259430599096,0
3.6607388224428568,0
3.6274660810865544,0
3.7177721095556,0
3.72900270968513,0
3.639638301425512,0
3.6096155230930047,0
3.6487798838827175,0
3.6127793556526653,0
3.6442762554022172,0
3.6857876687597972,0
3.5626168145494685,0
3.6797924064628864,0
3.705091792236845,0
3.6040637974513663,0
3.6956903890731536,0
3.6611002798518895,0
3.659091857265998,0
3.696881848448763,0
3.680225032490901,0
3.678005249807492,0
3.7335958167985326,0
3.663134771770684,0
3.7131933487774287,0
3.669751607222499,0
3.6763778479154055,0
3.684410144764602,0
3.7552009893312412,0
3.674136981225049,0
3.7678171239396976,0
3.7594040046250115,0
3.777594067234243,0
3.760962595393943,0
3.7836057849724236,0
3.796268326788545,0
3.6506548076310614,0
3.616948642650672,0
3.6246764411864154,0
3.6512503099910747,0
3.5724368386062575,1
3.7488496416623116,0
3.7629434964172295,0
3.65511741554044,0
3.7650587301096374,0
3.7717662814071446,0
3.617609529287281,0
3.5667864137161636,0
3.6129830504408953,0
3.60918647680189,0
3.5507942998356987,1
3.6411332588236567,0
3.592669615729904,0
3.605158799054629,0
3.5845614388146716,0
3.544729164965597,1
3.6691668544195077,0
3.653935858647962,0
3.6964769265564166,0
3.679383086046554,0
3.542285549713016,1
3.637150716774712,0
3.6107288143882457,0
3.6626380522473183,0
3.6534055058962576,0
3.610574448327038,0
3.63768265788793,0
3.6750203592276547,0
3.7034957053652375,0
3.649749818053379,0
3.5124831288856173,1
3.6755865204126703,0
3.7033249260686,0
3.571183376390261,0
3.6642647321949062,0
3.6193477074345917,0
3.7567276604708506,0
3.695409706164576,0
3.535032870187483,0
3.7390157358093905,0
3.727244990152406,0
3.6039202785840723,0
3.649838582031805,0
3.6457917561291198,0
3.7124518240524105,0
3.7391138613005728,0
3.5967862254815666,0
3.6911628411552106,0
3.6641121349833297,0
3.6608869952641045,0
3.548180608707752,1
3.6488962257223627,0
3.5991927847339236,0
3.575738305657689,0
3.6605176129384662,0
3.6099446547903113,0
3.657276202175483,0
3.7359185959509777,0
3.6340555579320437,0
3.7590691648857675,0
3.726988242158326,0
3.708250397475978,0
3.7219504197943523,0
3.646844726877317,0
3.659966420622651,0
3.7118113149077416,0
3.680957419844153,0
3.6573133267158053,0
3.7229640151316623,0
3.709477662154839,0
3.5405496587284015,1
3.6564372040037725,0
3.5978061841689213,0
3.663766240871984,0
3.636279692208327,0
3.64576914956493,0
3.606605062996569,0
3.616903009808149,0
3.587227832125118,0
3.5229546987643716,0
3.530349823836982,1
3.616090410859576,0
3.6047755451827292,0
3.621788565506514,0
3.5968707131200612,0
3.51971315766632,1
3.705126561431943,0
3.6020138472417043,0
3.685682510514261,0
3.7033283551159375,0
3.5680613066863422,1
3.6467106322417147,0
3.6599988797181813,0
3.669433339273664,0
3.547431125585438,0
3.5236283915328817,1
3.7973959571224905,0
3.7488690847180064,0
3.777752433849693,0
3.6579450826595066,0
3.708253566242573,0
3.7536004983272604,0
3.7649267229908845,0
3.736015414548941,0
3.723999718821721,0
3.5685034935761792,1
3.619804290534176,0
3.6698869428681684,0
3.5647824726962516,0
3.6737598688742295,0
3.5550255156456108,1
3.568361293823079,0
3.6661836495364293,0
3.6125848321705596,0
3.544940698460651,0
3.640650954045582,0
3.611153686379234,0
3.6319899835053286,0
3.672860668084356,0
3.5827659401523753,0
3.685137348647011,0
3.586985010775151,0
3.7010336727890953,0
3.696190834185505,0
3.6091496892944397,0
3.7045043907567927,0
3.6685088837927164,0
3.595821328880354,0
3.6576177397658336,0
3.630027720254379,0
3.606339046865648,0
3.7028024992464705,0
3.7011836502285127,0
3.7280872163833783,0
3.6834322010246283,0
3.5680288466266386,1
3.701190816376669,0
3.6180084407095614,0
3.632483979069209,0
3.742611000623639,0
3.7261796869592696,0
3.64427220085131,0
3.6325480519946565,0
3.645305718926697,0
3.5945619374885447,0
3.5703806541021414,1
3.6687991782122547,0
3.7321904275702256,0
3.7256341668840385,0
3.5153748532373643,0
3.6921122850815804,0
3.653188046632902,0
3.5331225800754305,0
3.7206033041451207,0
3.6820926790459936,0
3.697784723940711,0
3.686084440375819,0
3.6416089573991064,0
3.6783988322629115,0
3.7047639130300674,0
3.7022931942645605,0
3.749283415309172,0
3.6896286938263683,0
3.6160988565401415,0
3.754453292534994,0
3.6968113359010206,0
3.6760840150913885,0
3.5577945599317538,0
3.6188529940418084,0
3.609096332396767,0
3.542680471179392,1
3.6769777569942654,0
3.6451723737845647,0
3.6344298293351747,0
3.6415563913038373,0
3.570358437388415,1
3.565987206838347,0
3.6939225629134222,0
3.715729003590734,0
3.7240507627687696,0
3.6623861785768503,0
3.7106125272146424,0
3.6614728155162686,0
3.7116600548394336,0
3.6889892163639217,0
3.7277184233602974,0
3.6657679424267404,0
3.6791784624962105,0
3.5974031326130547,0
3.647402778682221,0
3.640614178888861,0
3.644193422080799,0
3.560956566151125,0
3.685618441897391,0
3.641050891564883,0
3.718084588817185,0
3.655899411159774,0
3.6364712397268444,0
3.6060938166342673,0
3.653052380967842,0
3.5912125161556556,0
3.713798792540797,0
3.7400300715883663,0
3.7318919293310397,0
3.639757382902698,0
3.6227557906145513,0
3.6063748307310064,0
3.5424199030477137,0
3.5773275583506554,0
3.560736859833336,0
3.6169543252516805,0
3.642675121312658,0
3.6519095380695723,0
3.540589774478638,0
3.574142374812409,0
3.606547977372977,0
3.6618459890283708,0
3.641562285185144,0
3.665862878834499,0
3.6227161489608584,0
3.57228684496413,1
3.6092931920952678,0
3.5871766076374603,0
3.613954261069621,0
3.582176167708141,0
3.60078075606984,0
3.7340004158148594,0
3.729205081689506,0
3.654528189574661,0
3.682754270959779,0
3.5488597508521518,1
3.727298007976122,0
3.6841579122013757,0
3.751000301600187,0
3.729280783011168,0
3.747136594892417,0
3.69200278826737,0
3.5460257766142025,0
3.715217400326067,0
3.7156526853134135,0
3.6975530244503814,0
3.637939415203756,0
3.6840106614813157,0
3.638038414483763,0
3.645699225169505,0
3.684383404551814,0
3.9316804086058266,0
3.946311659862177,0
3.9440836294252044,0
3.92545339877659,0
3.949281905693733,0
3.8595929377684217,1
3.913820985158028,0
3.9339105717608036,0
3.9201622719705385,0
3.933574491191165,0
3.962109736854026,0
3.9607265366908795,0
3.943348724850144,0
3.9613085300645,0
3.915972173897303,0
3.8577908823024227,1
3.919729990506933,0
3.9403547955774343,0
3.937147998912786,0
3.9375227502091943,0
3.9482642123737586,0
3.9112267454648872,0
3.9482271824957396,0
3.956153974537229,0
3.954430563405716,0
3.8385299012428775,0
3.927398194119668,0
3.9180101079877145,0
3.924124304864743,0
3.9150877072126877,0
3.9078031300815566,0
3.9489759218153804,0
3.9279645462216135,0
3.9500940703105036,0
3.9382919192540697,0
3.976543922082737,0
3.96066695954921,0
3.975405597008656,0
3.9705147223163153,0
3.9791678433702566,0
3.9494532027483507,0
3.9468998063259604,0
3.905760628318558,0
3.9357851137847244,0
3.9390904582288817,0
3.9518290993675116,0
3.945820492281464,0
3.9386441140042465,0
3.9478367564049544,0
3.953541276866092,0
3.925630339282551,0
3.9248032455412627,0
3.9359983615830303,0
3.9145971150002463,0
3.937020829770789,0
3.967268957970626,0
3.981088638198292,0
3.9804890101730384,0
3.973000172134294,0
3.977013218062284,0
3.8629365402658737,1
3.9303970989035033,0
3.932685900581454,0
3.9000840405768,0
3.92332854994652,0
3.9575930880571764,0
3.947270519234304,0
3.965179339460724,0
3.9581239607052288,0
3.968839871198947,0
3.908292304189037,0
3.934295026818515,0
3.93177574116777,0
3.9294269463471108,0
3.942391392008453,0
3.945727609607787,0
3.95417885972721,0
3.946554510663603,0
3.942009920815677,0
3.9310915710103362,0
3.9263995887668903,0
3.9201207223899748,0
3.85403889742206,0
3.926683699530322,0
3.9212331014888773,0
3.9273948832597645,0
3.928914474372455,0
3.932408156988996,0
3.9279276547828164,0
3.872897994103347,0
3.878484121003852,0
3.869736356050159,0
3.894443567747239,0
3.884964507483668,0
3.8933337728555006,0
3.905784536845742,0
3.9372068572564864,0
3.9193148760538405,0
3.9366459972887387,0
3.9121337267008247,0
3.9611165305120326,0
3.9071037831847417,0
3.958700532410218,0
3.942680704674716,0
3.957766420038111,0
3.8931620938035953,0
3.887288359041029,0
3.9056738907892896,0
3.859872113897578,0
3.866489278402139,0
3.86183312421677,1
3.905684175033845,0
3.9260819779204246,0
3.9089365642250606,0
3.9257932261481816,0
3.869766918931879,0
3.9419986498310213,0
3.9459518092115045,0
3.9405622071446103,0
3.9360954545503386,0
3.9808200067727526,0
3.981798980114891,0
3.97587839015065,0
3.980891428421875,0
3.96897920934113,0
3.974435519790328,0
3.9791737401662917,0
3.9785183421206205,0
3.9739665909853112,0
3.9632690705081837,0
3.926275460665124,0
3.9633219191024676,0
3.96639198324392,0
3.9664489187460354,0
3.9622156314823345,0
3.89811059480272,0
3.8557813498543227,0
3.893392548560343,0
3.889943317124058,0
3.902264588372049,0
3.946231133384377,0
3.955038233504537,0
3.938580838966953,0
3.928344266656209,0
3.9489077162281463,0
3.912089791125532,0
3.919271849159317,0
3.9403290670877653,0
3.943358981416143,0
3.942945722405531,0
3.9594691193809517,0
3.9604513010996882,0
3.9474091619199454,0
3.9555585397110278,0
3.9304783730551294,0
3.960330832701802,0
3.9505410116904565,0
3.9663628921498177,0
3.9591338728916328,0
3.9643626748160883,0
3.927836988370877,0
3.8662134105104804,0
3.91696723518331,0
3.9251712289535265,0
3.890629889752273,0
3.9194035684622888,0
3.9342323129799706,0
3.936300717309086,0
3.9434623630974737,0
3.9421256815701136,0
3.93620647450727,0
3.9386478756199317,0
3.922353366567096,0
3.8978414852222336,0
3.928179540621813,0
3.8637238900348017,1
3.9208911142582084,0
3.9360683161932144,0
3.9254439872434044,0
3.9349993534604386,0
3.9826015044792653,0
3.980758746493904,0
3.97488443976887,0
3.971206277562833,0
3.979729370168282,0
3.9175756852632944,0
3.9255340218878088,0
3.915718315084635,0
3.8800178211190017,0
3.9270158922998206,0
3.9397524188817847,0
3.951352155721184,0
3.931022533535298,0
3.950876894183426,0
3.9123802142988375,0
3.961248097268161,0
3.9415079075369897,0
3.906299610734739,0
3.9582749715603467,0
3.960052242678012,0
3.961210645027775,0
3.9641996921737834,0
3.917980305609089,0
3.9648540081847576,0
3.9510907878240964,0
3.8353003570721738,1
3.929306775718859,0
3.9404336390983428,0
3.9370136579265296,0
3.942112267815392,0
3.9531331989938834,0
3.9401409809126267,0
3.9570309116796376,0
3.9566444216802688,0
3.8905633974631124,0
3.9577116046778533,0
3.956055732859255,0
3.94647248521006,0
3.938841925128276,0
3.9398342888168973,0
3.928864802519402,0
3.9228857383247138,0
3.9105981973399633,0
3.936202730269386,0
3.925719230705192,0
3.8525651367329496,1
3.904658892283736,0
3.9185511598356575,0
3.9197514531193023,0
3.916340269285176,0
3.946757375126832,0
3.9457596379147057,0
3.960679547460792,0
3.952294804937069,0
3.960759262263942,0
3.851515706576138,1
3.8924165007334928,0
3.9038738618993234,0
3.916167672967253,0
3.9018495787982226,0
3.8442607519922074,1
3.894432019713357,0
3.8755420475155593,0
3.8728099285784476,0
3.897487780805337,0
3.942131336705112,0
3.936154284413646,0
3.88556010808845,0
3.942744092202892,0
3.927475221212525,0
3.9443133978006184,0
3.972774318287616,0
3.9669559314597915,0
3.9706619350060617,0
3.9713230183865393,0
3.8631249859166,1
3.9074201441504317,0
3.8681874126721207,0
3.8813359967854346,0
3.9060552043870636,0
3.8635988371580234,0
3.9009306118671114,0
3.928358452707121,0
3.925935887522465,0
3.9284216429723675,0
3.9655113424663475,0
3.9561771517529656,0
3.954328823796783,0
3.9522175320681203,0
3.9582506421044394,0
3.949475743353147,0
3.934596441600002,0
3.926991298272886,0
3.9529408608607732,0
3.949634181380828,0
3.886530276669951,0
3.910883042262155,0
3.8574161361189394,0
3.9095685295577676,0
3.912934516219309,0
3.9374577785664613,0
3.9526125248687136,0
3.953937023479619,0
3.9538268524811335,0
3.962536257586897,0
3.8536365302790303,1
3.9217644650839234,0
3.9334214592703023,0
3.931764957228756,0
3.9343747062128216,0
3.8617460014470377,1
3.8799971387742973,0
3.8776410127249643,0
3.881699853847588,0
3.8577115423177837,0
3.886208045315763,0
3.9233250719784647,0
3.932524666283388,0
3.9177102893465894,0
3.9273553143695445,0
3.930811443508497,0
3.937810988750359,0
3.9297490901240564,0
3.9068569910784943,0
3.944283621123414,0
3.837568003756929,1
3.9132964586869576,0
3.9144735911214914,0
3.9100001118013705,0
3.9150767062172442,0
3.9481303747868908,0
3.9357359386996387,0
3.9437435499189517,0
3.931700604487643,0
3.9137463139889115,0
3.9422311277968802,0
3.9303796034422884,0
3.9292954013390284,0
3.9253753415222055,0
3.942630400659475,0
3.931136781672431,0
3.930368361368857,0
3.88401371352444,0
3.941179292372414,0
3.943213080131755,0
3.973631967010855,0
3.966022919547052,0
3.9554642551717865,0
3.9695472361770685,0
3.9665790747197955,0
3.8970490212665103,0
3.946860497092802,0
3.957601612382403,0
3.9583124863102057,0
3.9509243118191515,0
3.9190493691907466,0
3.8994095397482127,0
3.9276213220631835,0
3.9191924929062787,0
3.8680918031533715,1
3.9337514475460242,0
3.935228477294534,0
3.939817660455066,0
3.8866804539189372,0
3.932411817167949,0
3.924728382609747,0
3.824610375113715,0
3.9299937272376253,0
3.9263318171961217,0
3.9215173883775516,0
3.964869581147521,0
3.923513262983966,0
3.950240968895536,0
3.962190241249866,0
3.9634959423554315,0
3.959240182069373,0
3.887030694214746,0
3.9602431403879006,0
3.9581314936043333,0
3.951926953310816,0
3.972655855163216,0
3.9715769933210696,0
3.9719262188740467,0
3.9391848710380764,0
3.9741936374087388,0
3.9678909303464103,0
3.9718570360727203,0
3.971977161641968,0
3.921733665546978,0
3.9726240853497465,0
3.8919276192852412,0
3.9063311016451143,0
3.9174744061713667,0
3.9136724308103497,0
3.8644957895194487,0
3.9294095438261163,0
3.9432197996782836,0
3.9325800302689595,0
3.931382956438789,0
3.9241795367435364,0
3.9012596853909782,0
3.8957593527947796,0
3.9052304424803777,0
3.911214022671219,0
3.8566743932434417,0
3.929270745833791,0
3.884728709860673,0
3.9307096306238383,0
3.9234068593476774,0
3.9348140935675255,0
3.897076157746595,0
3.8923899459686497,0
3.8574817778275867,0
3.904779642730252,0
3.8771288740155843,1
3.9388017404314364,0
3.9209427754387955,0
3.937518961247604,0
3.9406361753816763,0
3.848266332022225,1
3.9568056317795586,0
3.9468701399415647,0
3.964838604515593,0
3.966622775107668,0
3.964724116476865,0
3.9320690622007746,0
3.94099721191134,0
3.943857256006182,0
3.951145668266216,0
3.9428457389521117,0
3.928784817635215,0
3.9101760295933836,0
3.9340173246707177,0
3.917907609124752,0
3.934383125364527,0
3.9143686762787087,0
3.9272289532483424,0
3.9246926094347554,0
3.906765692537093,0
3.9142077675197555,0
3.9602111651357044,0
3.969858199199379,0
3.954237852551538,0
3.9652629026423316,0
3.965996202223588,0
3.9563608450015515,0
3.9472071065821748,0
3.9423914508129854,0
3.938071433281702,0
3.9527932201847644,0
3.959493253214306,0
3.963896243862804,0
3.962109364463162,0
3.9663256416955726,0
3.9356114560202617,0
3.9344210741455203,0
3.894823044743134,0
3.9330803929782605,0
3.935766034552602,0
3.862660367963438,1
3.918617287559993,0
3.9189350493869166,0
3.872399667204963,0
3.904436004287698,0
3.874946278251489,1
3.9583157222610668,0
3.9555958346538334,0
3.9245009526547032,0
3.954169601749256,0
3.936291043106862,0
3.911142360578828,0
3.942627710141046,0
3.952921404992873,0
3.9430607841259806,0
3.9479227268974992,0
3.9431629292166406,0
3.9166218329437865,0
3.941658435996798,0
3.941435709034212,0
3.8665398518485925,1
3.9131175614451217,0
3.927044017034884,0
3.8813234511672987,0
3.9135393513149666,0
3.925178835505971,0
3.891861956152225,0
3.9103161852454433,0
3.908509243351884,0
3.927575443891486,0
3.906171483810757,0
3.9376158008501623,0
3.944158867995651,0
3.936961120994636,0
3.93437085814909,0
3.928755640094239,0
3.9571996208943476,0
3.9629740499536843,0
3.9638983546806004,0
3.9601005754062397,0
3.930732838850163,0
3.9568157121493557,0
3.9543119718011175,0
3.9131400790558364,0
3.9352531689245094,0
3.9476241336952436,0
3.967335871199109,0
3.933717062230995,0
3.9549315057839243,0
3.9687324540158357,0
3.9640793461972685,0
3.9334198914304372,0
3.911070152669329,0
3.919754870891307,0
3.932910495543664,0
3.865016615642296,1
3.9217703699836437,0
3.908340111568988,0
3.9153668699297306,0
3.923162215477601,0
3.8735235388737945,1
3.91708640288011,0
3.8996637795453335,0
3.929381083737977,0
3.930120822863574,0
3.8462281693705767,1
3.9499187084208724,0
3.9516212067291487,0
3.944549133202181,0
3.9492150800535963,0
3.8669907643956467,1
3.933871027544493,0
3.939030271581518,0
3.9443291555555517,0
3.9476667777609618,0
3.951670248892048,0
3.9748959289683055,0
3.976037812740649,0
3.9767514615726363,0
3.96434320891316,0
3.9748882132999324,0
3.9194241122839317,0
3.93259619461538,0
3.904013361221545,0
3.936130160443826,0
3.934261225887841,0
3.94197093751865,0
3.949836587302903,0
3.934675239883461,0
3.9493058745066265,0
3.8667316899951674,1
3.900573173325064,0
3.8416289747191446,0
3.891091116345769,0
3.8964581698886347,0
3.8638425225788757,1
3.9199972647979653,0
3.9210885219592364,0
3.925228718149498,0
3.9161718210892507,0
3.871492737108691,1
3.882820969430923,0
3.9267820850855086,0
3.926191516624857,0
3.932807669935866,0
3.9308411594894337,0
3.891080631031778,0
3.9397387738957286,0
3.9400792442334547,0
3.9261625020410515,0
3.9283263832651216,0
3.9236841209297997,0
3.927687568941641,0
3.934181538156286,0
3.924083375818838,0
3.9050703858737323,0
3.9071420392449863,0
3.886268023035945,0
3.9028743253498615,0
3.893431971415538,0
3.8747551534264066,0
3.9713072163493504,0
3.9726376700006076,0
3.964484656532739,0
3.9540679856569274,0
3.9729376050581573,0
3.927591242475023,0
3.9176184596509667,0
3.92599207008787,0
3.87069420764168,0
3.863547329182949,1
3.977852894474157,0
3.9795788953920064,0
3.98176396966138,0
3.967435794755181,0
3.9813702729591838,0
3.9019387625481947,0
3.861459170860424,0
3.886206498917596,0
3.904004343488874,0
3.9119492807324026,0
3.9389542504458364,0
3.903606386901512,0
3.9458656291226677,0
3.930421859708956,0
3.9458710407198607,0
3.9266240275642086,0
3.935929280255961,0
3.9352213946775367,0
3.93896710556744,0
3.8432824304991255,1
3.9648294085991007,0
3.9492590055387033,0
3.9607328701847866,0
3.9499199745253097,0
3.963520221518914,0
3.9291362819755746,0
3.9481573512630894,0
3.9464648313162125,0
3.9136530686705875,0
3.9495331692068785,0
3.9274372696870423,0
3.883051210694576,0
3.912398153012357,0
3.9290307027841727,0
3.9147577724668032,0
3.9502787292779145,0
3.932390891657842,0
3.936457135194527,0
3.9501609173178527,0
3.93432718175278,0
3.9119957314519835,0
3.9390078700016855,0
3.940147179669636,0
3.9394723321067153,0
3.8651398168568356,1
3.9128309868237365,0
3.888467024206121,0
3.8741115713054883,0
3.927953839389957,0
3.9252674272632,0
3.9351882448894564,0
3.943211654420809,0
3.9539829452131747,0
3.953194485406218,0
3.9470528104488984,0
3.9251622671385906,0
3.8921511418116124,0
3.9276858002420627,0
3.920614405958194,0
3.845044046783103,1
3.945420063831924,0
3.929969971800823,0
3.909618839399121,0
3.939469968396527,0
3.927040218212778,0
3.8728897023984854,0
3.93537804528272,0
3.920589748746453,0
3.935353065032683,0
3.9275196160095773,0
3.9484389025201563,0
3.950721684786627,0
3.953937685052671,0
3.9259825332614477,0
3.9496692032406155,0
3.9109322963874895,0
3.9316294682675808,0
3.9292132681010465,0
3.9266691671154406,0
3.890318793846407,0
3.950852401076809,0
3.957002965955892,0
3.950714672711357,0
3.9552276038063092,0
3.881105077675301,0
3.8699080665079033,0
3.8703686952443723,0
3.8810518685507303,0
3.8606709430783126,0
3.901643436226289,0
3.9337587377808902,0
3.8932206083862644,0
3.9239140534115315,0
3.9324753821821408,0
3.8647896969282938,1
3.5716623407801134,1
3.6474632997087655,0
3.631752540276052,0
3.645375970082855,0
3.6361499207308476,0
3.554551800434959,1
3.7194217319250567,0
3.707715437095203,0
3.6622462874862105,0
3.660906906795401,0
3.5628398023196737,1
3.7129375032718173,0
3.6717432264196046,0
3.708210436063553,0
3.5245327770346204,0
3.690949686018872,1
3.6807577020305997,0
3.7067097826516564,0
3.6965750895564855,0
3.6667012111300794,0
3.7676541026612194,0
3.7973564380509206,0
3.6703410585718452,0
3.7984391327409552,0
3.821563808336633,0
3.637954625079897,0
3.5825195395405025,0
3.6219265163211505,0
3.6146826658867446,0
3.5614808688917243,0
3.7402771253486535,0
3.7156116269067923,0
3.7666349152767444,0
3.690900616867065,0
3.724001534741172,0
3.6708298951425666,1
3.6951513868811645,0
3.724033262884592,0
3.6490246495061154,0
3.7547043072643818,0
3.5802306349357442,1
3.6501667645204265,0
3.6682074209483715,0
3.604302808811409,0
3.681949122401444,0
3.625298762029773,1
3.6835990556951748,0
3.6550109309685936,0
3.675044469884148,0
3.6598247117165013,0
3.5619018423301574,1
3.6671682564718897,0
3.665074795237544,0
3.5864236287150257,0
3.57395274261296,0
3.626560501897392,1
3.6936233139898333,0
3.6834491941272534,0
3.6962342373798274,0
3.697351243070504,0
3.557113117802949,1
3.5109863415356912,0
3.666629465772446,0
3.666917840527322,0
3.688506275421793,0
3.605291228028688,1
3.689443222386698,0
3.70731639629606,0
3.7126456707195192,0
3.7034242135521622,0
3.6453717270338117,1
3.6924753055396278,0
3.634259558489512,0
3.5753138762169887,0
3.696719204933888,0
3.593170020782835,1
3.6808825135035654,0
3.673093682175606,0
3.6710968962671613,0
3.6530190416877977,0
3.6626448406551146,0
3.549211305922799,0
3.6386835602467005,0
3.667100790609168,0
3.6847970773719005,0
3.683252035826801,0
3.682491935009234,0
3.7234579114337087,0
3.6509237038102285,0
3.68629140990691,0
3.628307453426878,0
3.5746700042772352,0
3.6489262052443974,0
3.629054572621309,0
3.648926696833018,0
3.583728542919211,1
3.635290161051709,0
3.5987409999932525,0
3.5954717105392886,0
3.5931425996319075,0
3.7120044569139257,0
3.6317179505393784,0
3.6384773564555877,0
3.6596489389117033,0
3.693927977764356,0
3.7055460755436256,0
3.695572010289728,0
3.6871875160665497,0
3.688261543192625,0
3.6987614876137918,0
3.6996585349526807,0
3.690596641953283,0
3.5248390691247184,0
3.717185482709018,0
3.7103977161080164,0
3.5486969938099624,1
3.5750526481145233,0
3.6655909709269476,0
3.687980827399251,0
3.680624661508638,0
3.702899426492022,0
3.707470143104012,0
3.7285304570922295,0
3.7421323406521547,0
3.725817518942824,0
3.734236827532264,0
3.6638108681499157,0
3.6447259336846716,0
3.703793589205051,0
3.6994417715918972,0
3.668380022548276,0
3.6883114131506365,0
3.6132234917230677,0
3.5931318932264906,0
3.6944840373127747,0
3.7209040789276195,0
3.7020407366599266,0
3.697361192505044,0
3.7129122608660934,0
3.7189540548644833,0
3.714806041014951,0
3.6936278723473976,0
3.717804713508206,0
3.7197922872224005,0
3.7426342930980354,0
3.5680054074646277,1
3.5999279644219597,0
3.632671033757468,0
3.635412695005676,0
3.642610800911282,0
3.6793850355391085,1
3.6417324223884355,0
3.7074900502483716,0
3.692771912165446,0
3.704479966508121,0
3.5586001980561717,1
3.6536601650329996,0
3.5802755080877193,0
3.6453803979389305,0
3.6524567061900024,0
3.644328659238358,0
3.680867536253552,0
3.7142789538770575,0
3.6371361700045126,0
3.6535149283354635,0
3.7402924283048233,0
3.675062327302748,0
3.702021487783953,0
3.717889547859567,0
3.701499643728156,0
3.613422445238791,0
3.6156118498656307,0
3.569649093692907,0
3.6436900034879875,0
3.6613136341073753,0
3.6149850006233573,0
3.6114233714383035,0
3.633507520653673,0
3.687636292369046,0
3.6680531456030505,0
3.7232310531892012,0
3.688690024087426,0
3.711541905618663,0
3.6821976660670788,0
3.723740839311347,0
3.5965725619803477,0
3.595854142641877,0
3.647686743017564,0
3.7045899544423464,0
3.7041324639421216,0
3.6368071634244483,1
3.647275391493172,0
3.631302142182521,0
3.662926016357482,0
3.6111881094333182,0
3.5608370726663727,1
3.654120325858184,0
3.6254996198479903,0
3.696031463870537,0
3.7070826535219927,0
3.6029407198415684,1
3.697672468017841,0
3.6939134798567768,0
3.710211424175619,0
3.687027863248811,0
3.7282336030600782,0
3.722857520621788,0
3.7408580226902197,0
3.6286950340254123,0
3.5709988834946618,0
3.64502533197032,1
3.68062845930894,0
3.721404846154093,0
3.727521100348982,0
3.678555694006153,0
3.6431922165430013,0
3.587855767524786,0
3.654524793903776,0
3.660177479316972,0
3.579464122541454,0
3.5520552499245563,1
3.6970305100782928,0
3.7064210284066665,0
3.6743439342106408,0
3.7170881617284945,0
3.6032659269944713,1
3.695872896930828,0
3.673257786885421,0
3.654229703389656,0
3.671434266326337,0
3.5611543692101497,1
3.6049061528708632,0
3.6175042372953086,0
3.568304489544682,0
3.6393742331225774,0
3.6771157604203553,0
3.705610376061293,0
3.7144431404288727,0
3.707120164084175,0
3.717732993837182,0
3.646148086740325,1
3.5580897506556086,0
3.615099408193557,0
3.639260838621751,0
3.635528145555353,0
3.555848598081501,1
3.6674659573395916,0
3.5979721304470167,0
3.637394710432993,0
3.6043510748429024,0
3.7023325908845837,0
3.7106243767829947,0
3.7108297541595237,0
3.7393827988786597,0
3.509457730190774,0
3.7357539502670916,0
3.7247667742937574,0
3.635000205932462,0
3.669816538412262,0
3.6640170996320665,0
3.6714604245177247,0
3.6738209299139326,0
3.6706823192242743,0
3.7140009320648972,0
3.7043782903619373,0
3.5753073288366886,0
3.740040171968899,0
3.715647732920103,0
3.6156858633464672,0
3.737645397739456,0
3.632090946071708,0
3.685515463515106,0
3.6295994577645407,0
3.6839224444825818,0
3.7080566145489877,0
3.7186791985505736,0
3.576530530815933,0
3.689398524980691,0
3.67515690961714,0
3.67408537325579,0
3.599755546598591,1
3.642212588080822,0
3.6768388454392555,0
3.678791961115891,0
3.6591663218525654,0
3.614127364322397,0
3.7463143565033055,0
3.756356703194495,0
3.665334105112194,0
3.7427218121864816,0
3.599725616807344,1
3.6759899168517007,0
3.6651095124812896,0
3.6953407380984125,0
3.70518784329407,0
3.672352144825865,0
3.6814253340967875,0
3.6512974958576008,0
3.637517247794132,0
3.5706322968677533,0
3.5605124291545267,1
3.609435324414215,0
3.6813419229883713,0
3.6567749345385048,0
3.6778137232458072,0
3.6800854879322533,0
3.721606094931534,0
3.6714198833616036,0
3.682566219822549,0
3.6762243462898585,0
3.6768441776442615,0
3.5956936941439,0
3.7123869104058063,0
3.6874153516346038,0
3.713341337313843,0
3.579386905403405,1
3.6148941413414373,0
3.6371453153372086,0
3.623934198298272,0
3.63543694494436,0
3.572789369701887,1
3.750978463291711,0
3.747092697647332,0
3.7051575397267613,0
3.7386314623204893,0
3.6350441612631834,1
3.6600254527305336,0
3.68084773954104,0
3.6585245813074527,0
3.673944436881216,0
3.787716105013135,1
3.7315327331066563,0
3.757921102382252,0
3.7928542119674664,0
3.7829124474742537,0
