0.31643611192703247,0
0.9344967603683472,0
0.6920837163925171,0
0.45152124762535095,0
1.0510770082473755,0
0.8765729665756226,0
0.5412071347236633,0
1.007491111755371,0
0.8084237575531006,0
0.8945069909095764,0
0.38774374127388,0
0.8680068850517273,0
0.21011216938495636,0
1.1706384420394897,0
0.2068226933479309,0
0.691669762134552,0
0.33720484375953674,0
0.7070072293281555,0
1.1807631254196167,0
0.49739575386047363,0
1.5677802562713623,1
-0.0630960687994957,0
0.06349998712539673,0
-0.06273332983255386,0
-0.149065300822258,0
1.5470033884048462,1
-0.08742471039295197,0
0.11748762428760529,0
-0.057157520204782486,0
-0.037675194442272186,0
1.4739601612091064,1
0.005711270030587912,0
0.14426162838935852,0
0.009559891186654568,0
0.2600409686565399,0
0.9469314813613892,0
1.0072872638702393,0
0.521264374256134,0
0.6483291983604431,0
0.1623063087463379,0
1.5701875686645508,0
-0.04657888039946556,0
-0.08400402963161469,0
-0.1139441505074501,0
0.03575644642114639,0
1.5620903968811035,1
-0.08105923980474472,0
0.06686975061893463,0
-0.09300734847784042,0
-0.049197614192962646,0
1.2262474298477173,0
0.3790910243988037,0
0.5034986138343811,0
0.488688200712204,0
0.713806688785553,0
1.410119891166687,1
0.30096492171287537,0
0.388364315032959,0
-0.09076039493083954,0
0.0035554971545934677,0
0.08545597642660141,0
-0.18751341104507446,0
1.5035651922225952,0
0.27520298957824707,0
-0.17752672731876373,0
0.471764475107193,0
0.6663251519203186,0
1.047078251838684,0
0.7228105068206787,0
0.9466598629951477,0
-0.03631620109081268,0
0.12274067848920822,0
1.3521568775177002,0
0.07221672683954239,0
0.6130101084709167,0
1.022414207458496,1
0.4966367483139038,0
0.3288789689540863,0
0.5621032118797302,0
1.012184977531433,0
0.7988536953926086,0
0.08661116659641266,0
0.6729955673217773,0
1.1106386184692383,0
0.18958599865436554,0
0.9941396117210388,0
0.09618043899536133,0
0.3574049174785614,0
1.0696498155593872,0
0.21862941980361938,0
1.425110936164856,1
0.3627369701862335,0
0.2842293381690979,0
-0.07085563987493515,0
-0.07805817574262619,0
0.820127546787262,0
1.1196483373641968,0
0.4007984399795532,0
0.48466426134109497,0
0.7442489266395569,0
-0.08724896609783173,0
0.06699269264936447,0
0.007009825203567743,0
1.3052104711532593,0
0.7225196957588196,0
0.2622528672218323,0
0.5313112139701843,0
1.2544054985046387,0
0.6266026496887207,0
0.07727529108524323,0
0.1907792091369629,0
0.39888131618499756,0
0.7595916986465454,0
1.1203020811080933,0
0.7373941540718079,0
-0.18921199440956116,0
1.4846076965332031,0
-0.16775277256965637,0
0.3601442277431488,0
0.033963967114686966,0
0.07358324527740479,0
0.2783854901790619,0
1.3377074003219604,0
0.42669057846069336,0
0.4620012938976288,0
0.6792721152305603,0
1.1605554819107056,0
0.7294058203697205,0
0.5923737287521362,0
0.32165178656578064,0
0.40679845213890076,0
0.4497537910938263,0
0.35525205731391907,0
0.5270733833312988,0
1.3002692461013794,0
1.429944634437561,1
0.08107638359069824,0
0.1749512106180191,0
0.3886662423610687,0
-0.034769151359796524,0
1.3689323663711548,1
0.1778973937034607,0
0.008336255326867104,0
0.47946980595588684,0
0.30228134989738464,0
0.2585676610469818,0
1.1894185543060303,0
0.8626709580421448,0
0.16738224029541016,0
0.05340048298239708,0
0.8195120692253113,0
0.26178818941116333,0
0.5113773345947266,0
0.33265918493270874,0
1.1790026426315308,0
-0.11636272817850113,0
0.4047743082046509,0
0.03669850155711174,0
-0.19653765857219696,0
1.4652700424194336,0
1.5818421840667725,1
-0.035219706594944,0
-0.09052767604589462,0
-0.08495709300041199,0
-0.06267474591732025,0
0.43149831891059875,0
1.4657448530197144,0
-0.05137838050723076,0
-0.10959755629301071,0
-0.17809070646762848,0
0.5534905791282654,0
1.2115788459777832,0
0.39172589778900146,0
0.48363763093948364,0
0.7336376309394836,0
0.9001071453094482,0
0.8363677859306335,0
0.2391062080860138,0
0.8741392493247986,0
0.7726284265518188,0
1.1826590299606323,0
0.889866292476654,0
0.1663302481174469,0
0.07905547320842743,0
0.12128520756959915,0
1.4487504959106445,0
0.3801038861274719,0
-0.11648815125226974,0
-0.12865953147411346,0
0.16832198202610016,0
1.327980637550354,1
0.370188444852829,0
0.23220142722129822,0
0.5122339129447937,0
0.34989625215530396,0
1.61161208152771,1
-0.11080194264650345,0
-0.09281892329454422,0
-0.21330517530441284,0
-0.08994163572788239,0
1.3866177797317505,0
0.4025752544403076,0
0.0701284408569336,0
0.21474280953407288,0
0.3094901442527771,0
0.4280201494693756,0
1.3093761205673218,0
0.26276591420173645,0
0.5170031785964966,0
0.4068337082862854,0
0.7042932510375977,0
0.5143007040023804,0
0.9582435488700867,0
0.9356701970100403,0
0.9225023984909058,0
0.4650476276874542,0
0.7437452077865601,0
0.8430829644203186,0
0.2277408093214035,0
1.0721116065979004,0
0.7676111459732056,1
1.215557336807251,0
0.0771011933684349,0
0.1780218780040741,0
0.4382910132408142,0
1.0805848836898804,1
0.8389182090759277,0
0.8930848836898804,0
0.8118348717689514,0
0.778501570224762,0
0.17297761142253876,0
0.2574370801448822,0
0.6459505558013916,0
1.3131803274154663,0
0.08288753032684326,0
-0.11199389398097992,0
-0.07858632504940033,0
1.13522207736969,0
-0.0730183944106102,0
0.9793200492858887,0
1.5257794857025146,1
0.11926580220460892,0
0.09623479098081589,0
-0.04843888431787491,0
-0.09612280875444412,0
0.4616798758506775,0
0.8563044667243958,0
0.4318163990974426,0
0.8285740613937378,0
1.0610826015472412,0
0.5172201991081238,0
0.6885597705841064,0
0.7625473141670227,0
0.2835753262042999,0
1.1480613946914673,0
1.6385610103607178,1
-0.22975338995456696,0
-0.16816505789756775,0
-0.22894302010536194,0
-0.0838862955570221,0
0.6178275942802429,0
1.1300456523895264,0
0.46040281653404236,0
0.5402900576591492,0
0.8762862682342529,0
-0.026743030175566673,0
-0.1291758120059967,0
1.5961763858795166,0
-0.2604178190231323,0
-0.026743030175566673,0
0.5659025311470032,0
1.3152273893356323,0
0.22161811590194702,0
0.35438141226768494,0
0.3431302607059479,0
1.496867299079895,1
-0.15729820728302002,0
0.22309289872646332,0
0.16482876241207123,0
-0.11242812871932983,0
0.17925730347633362,0
0.7286055088043213,0
0.04890349507331848,0
1.2872647047042847,0
0.020970534533262253,0
1.1707797050476074,0
0.775164783000946,0
0.20319150388240814,0
0.5320761799812317,0
0.5225432515144348,0
0.1092572882771492,0
1.489108920097351,0
-0.04627924785017967,0
0.015079202130436897,0
0.2334011197090149,0
1.2673014402389526,0
0.03779328614473343,0
0.17245370149612427,0
0.17830850183963776,0
0.7520790100097656,0
1.3560611009597778,0
0.14215025305747986,0
0.37180906534194946,0
0.25369882583618164,0
0.4538300633430481,0
0.3308660089969635,0
1.3336241245269775,0
0.5692426562309265,0
-0.01586366817355156,0
0.12204018235206604,0
1.581488847732544,1
-0.07869676500558853,0
-0.042319443076848984,0
-0.05172736942768097,0
-0.09813981503248215,0
0.2718259394168854,0
1.1964069604873657,0
0.7131667137145996,0
0.1684739887714386,0
0.6154013276100159,0
0.46504443883895874,0
0.19444669783115387,0
0.4569668769836426,0
0.16617529094219208,0
1.3374192714691162,0
1.4558781385421753,1
0.29545915126800537,0
0.1003103032708168,0
0.05620887130498886,0
0.12346356362104416,0
1.6360162496566772,1
-0.16495835781097412,0
-0.12785190343856812,0
-0.28789690136909485,0
-0.1184815913438797,0
0.3114216923713684,0
-0.04437006264925003,0
0.011475731618702412,0
0.3497031033039093,0
1.4184294939041138,1
1.5300790071487427,0
0.05789961665868759,0
-0.18939559161663055,0
0.1854112148284912,0
-0.11984381824731827,0
1.3008919954299927,0
-0.010903283953666687,0
-0.09763354808092117,0
-0.10847482830286026,0
0.7501547932624817,0
0.6516618728637695,0
0.9795307517051697,0
0.11887499690055847,0
0.4057602286338806,0
0.9795307517051697,0
0.08257275819778442,0
0.14286214113235474,0
0.09922411292791367,0
-0.00412912480533123,0
1.497937798500061,1
0.6093777418136597,0
0.8138311505317688,0
0.6701064705848694,0
1.0850862264633179,0
0.19237370789051056,0
-0.15398728847503662,0
-0.1694020926952362,0
-0.19883033633232117,0
-0.09793347865343094,0
1.6282902956008911,1
0.9693536758422852,0
0.3333112895488739,0
0.48127949237823486,0
0.7065445184707642,0
1.0179402828216553,0
0.08651101589202881,0
-0.1931804120540619,0
-0.21381191909313202,0
0.13064450025558472,0
1.5445305109024048,1
0.2649405002593994,0
0.7430604696273804,0
0.8889275789260864,0
0.9902241230010986,0
0.722801148891449,0
0.6693025827407837,0
1.0741320848464966,0
0.6266889572143555,0
0.2218593806028366,0
0.8397570848464966,0
0.9256649613380432,0
0.8003463745117188,0
0.41377031803131104,0
1.0276191234588623,0
0.5454610586166382,0
1.326962947845459,0
0.5071397423744202,0
0.42976319789886475,0
0.2713254392147064,0
0.13683760166168213,0
0.2298484742641449,0
1.0963588953018188,0
0.6318780779838562,0
0.7353128790855408,0
0.7528772950172424,0
0.2849968373775482,0
0.4589530825614929,0
0.2303248643875122,0
0.2874819338321686,0
1.3610405921936035,0
0.7334291338920593,0
0.9782745242118835,0
0.3618656098842621,0
0.9567968249320984,0
0.7291336059570312,0
0.07861745357513428,0
0.20473021268844604,0
1.2062138319015503,0
0.6331426501274109,0
0.6553978323936462,0
0.33709391951560974,0
0.5628464221954346,0
0.14199915528297424,0
1.0505832433700562,0
0.9558229446411133,0
0.33030110597610474,0
0.4697181284427643,0
1.290377140045166,0
0.574280858039856,0
0.3588182330131531,0
0.9477519989013672,0
0.5360089540481567,0
0.31628960371017456,0
0.24612712860107422,0
1.0825377702713013,0
0.08320974558591843,0
-0.07876208424568176,0
-0.05172891542315483,0
0.10024745762348175,0
1.530733585357666,1
1.0900683403015137,0
0.8263320922851562,0
0.43622222542762756,0
0.449958473443985,0
0.8071013689041138,0
1.0309319496154785,0
0.3802036643028259,0
0.7570244669914246,0
0.9216855764389038,0
0.6446115374565125,0
0.38315045833587646,0
0.171984001994133,0
-0.12728817760944366,0
-0.14308974146842957,0
1.4476017951965332,1
-0.12947207689285278,0
-0.0713166743516922,0
-0.24573415517807007,0
-0.2705743908882141,0
1.6364257335662842,1
1.557627558708191,0
-0.2342979460954666,0
-0.2125588208436966,0
0.2501741051673889,0
-0.20324204862117767,0
1.3447500467300415,0
0.3531007170677185,0
0.08692118525505066,0
0.060825150460004807,0
0.535772979259491,0
1.2712390422821045,0
0.09936411678791046,0
0.7764474153518677,0
-0.07641712576150894,0
-0.05688587576150894,0
0.8465353846549988,0
0.5632228255271912,0
0.2830235958099365,0
0.10556407272815704,0
1.1298480033874512,0
0.4320070743560791,0
0.4104088246822357,0
0.09723386913537979,0
-0.016157055273652077,0
1.3634326457977295,0
0.7788122296333313,0
0.6238535046577454,0
1.1266083717346191,0
0.7478204965591431,0
0.40002432465553284,0
0.2647145986557007,0
0.2087664157152176,0
0.15478134155273438,0
0.2018955945968628,0
1.4298107624053955,1
0.8718960881233215,0
0.054753199219703674,0
0.21761034429073334,0
1.1861817836761475,0
0.19332462549209595,0
-0.08506070822477341,0
-0.21365374326705933,0
1.5563915967941284,0
0.20616470277309418,0
-0.21743589639663696,0
0.7081536054611206,0
0.06992607563734055,0
1.313312292098999,0
-0.08549720048904419,0
0.0037885089404881,0
0.1367618888616562,0
0.05022342503070831,0
0.25535163283348083,0
1.1495823860168457,0
0.918813169002533,0
0.8852556347846985,0
0.9983509182929993,0
0.6451762914657593,0
0.8673985004425049,0
0.3852556347846985,0
0.19688484072685242,0
0.6999712586402893,0
0.931452751159668,0
1.0055267810821533,0
0.5425638556480408,0
0.1786903589963913,0
0.17578338086605072,0
0.6699694395065308,0
0.5275275707244873,0
1.2455508708953857,0
-0.21241429448127747,0
0.018878761678934097,0
0.09167149662971497,0
-0.09500665217638016,0
1.557701587677002,1
-0.231374129652977,0
-0.24943017959594727,0
-0.1422904133796692,0
-0.18987786769866943,0
1.6542855501174927,1
-0.18102164566516876,0
0.08768855780363083,0
0.05119704827666283,0
-0.04169043153524399,0
1.5446949005126953,1
0.12407724559307098,0
-0.2610867917537689,0
-0.06850478053092957,0
-0.2111581265926361,0
1.57914137840271,0
1.2318474054336548,0
0.2677406668663025,0
0.7268391251564026,0
0.4764217734336853,0
0.3804284632205963,0
0.35541296005249023,0
0.13802166283130646,0
0.2648332715034485,0
1.4170072078704834,0
-0.017775438725948334,0
-0.10158941894769669,0
-0.26221147179603577,0
-0.18256260454654694,0
-0.2376641035079956,0
1.6483681201934814,1
0.7063964605331421,0
0.5518510341644287,0
0.9882146120071411,0
0.5245782732963562,0
1.0336692333221436,0
0.641997754573822,0
0.2813217043876648,0
1.0253448486328125,0
0.2710166871547699,0
0.9717586636543274,0
0.9288569092750549,0
0.5429872870445251,0
1.0212482213974,0
0.809291660785675,0
0.41798728704452515,0
0.036397743970155716,0
0.40784287452697754,0
-0.08790095150470734,0
-0.010516549460589886,0
1.453015923500061,1
-0.014104567468166351,0
0.1737612783908844,0
0.017535997554659843,0
0.3303820788860321,0
1.4516445398330688,1
0.9254798293113708,0
0.11152640730142593,0
0.3634643852710724,0
0.4700535237789154,0
1.0950535535812378,0
-0.13564765453338623,0
-0.16456088423728943,0
-0.1471225917339325,0
-0.2897912859916687,0
1.6419285535812378,1
1.4045002460479736,0
0.03752335160970688,0
0.2861759662628174,0
0.41233962774276733,0
-0.03964470326900482,0
-0.09624060988426208,0
0.49830129742622375,0
1.3949874639511108,0
0.2107769399881363,0
-0.10842384397983551,0
0.789962887763977,0
0.5473929643630981,0
0.8883020877838135,0
0.42720067501068115,0
1.0631272792816162,0
1.079274296760559,0
0.6105242371559143,0
0.6687350273132324,0
0.20611251890659332,0
0.8311125040054321,0
0.7805001139640808,0
1.1976301670074463,0
0.484337717294693,0
0.45096728205680847,0
0.5107559561729431,0
0.22463151812553406,0
0.024014225229620934,0
0.292532742023468,0
1.1598167419433594,0
0.8882117867469788,0
0.173486590385437,0
-0.1616019755601883,0
-0.09458425641059875,0
-0.1747661679983139,0
1.5593171119689941,1
-0.0964057669043541,0
0.03262649103999138,0
0.6535941958427429,0
1.3511748313903809,0
-0.08430898934602737,0
0.7107842564582825,0
0.7717598676681519,0
1.1144849061965942,0
0.5825252532958984,0
0.244005486369133,0
0.6876734495162964,0
1.1082946062088013,0
0.4676561951637268,0
0.3403913080692291,0
0.8623930215835571,0
0.6190084218978882,0
1.3497776985168457,0
0.019008401781320572,0
0.07285455614328384,0
0.11131609231233597,0
1.2737828493118286,0
0.14509090781211853,0
0.07476742565631866,0
0.7569052577018738,0
0.04663802683353424,0
-0.17421506345272064,0
-0.22523082792758942,0
-0.230246901512146,0
-0.20362749695777893,0
1.6581910848617554,1
-0.2793223261833191,0
-0.16608354449272156,0
-0.19448328018188477,0
-0.14432069659233093,0
1.6494929790496826,1
0.7544853687286377,0
1.2950258255004883,0
0.011242144741117954,0
-0.2590281069278717,0
-0.12389298528432846,0
1.043309211730957,0
0.9636914134025574,0
0.10381878167390823,0
0.23120731115341187,0
0.5496786832809448,0
1.1146584749221802,0
0.03870909661054611,0
0.5450382232666016,0
0.8614939451217651,0
0.26022809743881226,0
1.0807712078094482,0
0.6000019311904907,0
0.9365403652191162,0
0.5038480758666992,0
0.672117292881012,0
1.3986185789108276,0
0.30013367533683777,0
0.41377004981040955,0
0.07286093384027481,0
-0.04077542945742607,0
1.6610651016235352,1
-0.23228202760219574,0
-0.20941729843616486,0
-0.1998288631439209,0
-0.21052366495132446,0
0.39175763726234436,0
1.0656707286834717,0
0.6308881044387817,0
0.6961054801940918,0
0.9134967923164368,0
0.6578401327133179,0
0.12212583422660828,0
0.4346258342266083,0
1.0596258640289307,0
0.8810544013977051,0
1.1123480796813965,0
0.6435981392860413,0
0.018598102033138275,0
0.17484810948371887,0
0.7998481392860413,0
1.7759288549423218,0
-0.06617646664381027,0
-0.4609133303165436,0
-0.9872291088104248,0
-0.8556501865386963,0
1.6591243743896484,1
-0.17341426014900208,0
-0.1921866089105606,0
-0.23032724857330322,0
-0.24671581387519836,0
0.3217093348503113,0
0.7887422442436218,0
0.8436872959136963,0
0.761269748210907,0
1.0085225105285645,0
-0.15232031047344208,0
1.4434244632720947,0
-0.418277770280838,0
-0.045937325805425644,0
0.4859775900840759,0
0.3418627977371216,0
-0.01528007723391056,0
1.0561485290527344,0
-0.3724229633808136,0
0.9371009469032288,0
1.6611500978469849,1
-0.194295734167099,0
-0.23967650532722473,0
-0.20831581950187683,0
-0.2112674117088318,0
0.7870902419090271,0
0.09478253871202469,0
0.4409363865852356,0
1.1717056035995483,0
0.4793979525566101,0
1.6527384519577026,1
-0.16076414287090302,0
-0.2370416224002838,0
-0.2595307230949402,0
-0.1482444405555725,0
0.49564504623413086,0
-0.09757531434297562,0
0.008356894366443157,0
1.4278484582901,0
-0.0763888731598854,0
1.2138328552246094,0
0.15405023097991943,0
0.2627458870410919,0
0.8062241673469543,0
0.3442676365375519,0
1.6596055030822754,1
-0.21779435873031616,0
-0.1948634684085846,0
-0.19113053381443024,0
-0.23912541568279266,0
0.28101280331611633,0
0.5042271018028259,0
0.013155639171600342,0
-0.009165789932012558,0
1.374762773513794,0
-0.04225590080022812,0
0.3423594534397125,0
-0.10635846108198166,0
1.4321030378341675,0
0.278256893157959,0
0.3491951525211334,0
1.192945122718811,0
0.13044515252113342,0
0.661695122718811,0
0.661695122718811,0
7.838857173919678,0
6.588857173919678,0
-0.9111431241035461,0
2.8388569355010986,0
9.088857650756836,0
1.653691053390503,1
-0.249531552195549,0
-0.21372491121292114,0
-0.12197038531303406,0
-0.22789837419986725,0
0.3751664161682129,0
0.022602325305342674,0
1.4328587055206299,0
0.054653603583574295,0
0.18285872042179108,0
0.9297631978988647,0
0.5404189825057983,0
0.6018943786621094,0
0.642877995967865,0
1.0936976671218872,0
0.1594875156879425,0
0.35948750376701355,0
0.559487521648407,0
0.809487521648407,0
1.1594876050949097,0
0.9904894232749939,0
-0.2595105767250061,0
0.1869180053472519,0
1.079775094985962,0
-0.0809391513466835,0
0.8101612329483032,0
1.1396186351776123,0
0.3062852919101715,0
0.5194635987281799,0
0.6551225185394287,0
1.2767667770385742,0
0.5949486494064331,0
0.02676687389612198,0
-0.0868694856762886,0
0.4813123047351837,0
0.06414592266082764,0
0.8141459226608276,0
-2.185853958129883,0
0.5641459226608276,0
-0.18585407733917236,0
1.6520555019378662,1
-0.16037163138389587,0
-0.23283539712429047,0
-0.2524089515209198,0
-0.15245892107486725,0
-0.8228756189346313,0
1.6771243810653687,0
0.17712438106536865,0
-1.8228756189346313,0
-0.8228756189346313,0
0.5217670202255249,0
0.021766996011137962,0
1.4217671155929565,0
-0.17823301255702972,0
-0.17823301255702972,0
0.29266244173049927,0
0.15567612648010254,0
0.8406075835227966,0
1.1145801544189453,0
0.6351281404495239,0
-0.08393692225217819,0
0.7493964433670044,0
1.3049521446228027,0
-0.08393692225217819,0
-0.08393692225217819,0
1.6590206623077393,1
-0.253482460975647,0
-0.18949764966964722,0
-0.21154025197029114,0
-0.18643616139888763,0
1.6559765338897705,1
-0.19401182234287262,0
-0.2630499601364136,0
-0.1951819509267807,0
-0.16973145306110382,0
1.6588586568832397,1
-0.21357698738574982,0
-0.228597491979599,0
-0.16888178884983063,0
-0.22786478698253632,0
1.0723532438278198,0
0.2102843075990677,0
0.2102843075990677,0
0.8999394774436951,0
0.6413187384605408,0
1.4384472370147705,0
-2.5615527629852295,0
-2.5615527629852295,0
0.9384472370147705,0
-2.5615527629852295,0
-0.3298351764678955,0
0.027307698503136635,0
1.4558792114257812,0
0.027307698503136635,0
0.3844505548477173,0
0.2785498797893524,0
-0.27700570225715637,0
0.8341054320335388,0
-0.13811682164669037,0
1.1813277006149292,0
0.707358181476593,0
0.9156915545463562,0
1.0198582410812378,0
0.4990248680114746,0
0.18652485311031342,0
0.6032754778862,0
1.2678323984146118,0
0.5188872814178467,0
0.3606594502925873,0
0.4134020507335663,0
1.6611254215240479,1
-0.21005889773368835,0
-0.20327556133270264,0
-0.22803474962711334,0
-0.21073724329471588,0
0.13588935136795044,0
0.4599634110927582,0
0.3673708438873291,0
1.3395930528640747,0
0.3673708438873291,0
0.11085006594657898,0
-0.27647387981414795,0
0.005216262768954039,0
-0.06520627439022064,0
1.5545120239257812,0
0.6006487607955933,0
0.827921450138092,0
0.5482012033462524,0
0.4957536458969116,0
1.1600892543792725,0
0.2788194715976715,0
1.1998721361160278,0
0.4103984236717224,0
0.8051353096961975,0
0.4103984236717224,0
1.6606906652450562,1
-0.21867910027503967,0
-0.18241697549819946,0
-0.21607032418251038,0
-0.23354919254779816,0
0.8821489214897156,0
1.0488156080245972,0
0.8821489214897156,0
0.8821489214897156,0
0.715482234954834,0
0.5927226543426514,0
0.6508621573448181,0
1.2322574853897095,0
0.3601645231246948,0
0.4764435887336731,0
-0.28128954768180847,0
-0.23026913404464722,0
-0.0006773033528588712,0
-0.2047589272260666,0
1.6319756507873535,0
1.028430461883545,0
0.9284304976463318,0
0.37843048572540283,0
0.7784304618835449,0
0.5284304618835449,0
0.37562108039855957,0
1.1364905834197998,0
0.8647515177726746,0
0.4027949869632721,0
0.022360190749168396,0
0.41547855734825134,0
0.7726214528083801,0
1.1297643184661865,0
0.7726214528083801,0
0.41547855734825134,0
1.4578666687011719,0
0.24818922579288483,0
-0.23568177223205566,0
-0.9614882469177246,0
0.08689888566732407,0
-0.44657808542251587,0
0.5256441831588745,0
0.24786639213562012,0
-0.30768918991088867,0
1.3589774370193481,0
0.30862802267074585,0
1.0229136943817139,0
0.10029467195272446,0
1.0526756048202515,0
0.18958039581775665,0
1.6517075300216675,1
-0.2440497875213623,0
-0.2552267909049988,0
-0.14254431426525116,0
-0.15782716870307922,0
-0.14883987605571747,0
-0.10419701039791107,0
1.4583029747009277,0
0.4761601388454437,0
-0.3274112939834595,0
1.6411747932434082,1
-0.09184987097978592,0
-0.14020377397537231,0
-0.269061803817749,0
-0.2399980127811432,0
1.661056637763977,1
-0.22311581671237946,0
-0.21640916168689728,0
-0.19471120834350586,0
-0.21759270131587982,0
0.10276255011558533,0
1.155394196510315,0
0.6290783882141113,0
0.6290783882141113,0
-0.2919743061065674,0
0.43349432945251465,0
0.5777251124382019,0
1.2988789081573486,0
0.19310970604419708,0
0.33734047412872314,0
-0.1159011721611023,0
-0.1322373002767563,0
-0.23598600924015045,0
-0.23483961820602417,0
1.6400887966156006,1
0.6084259152412415,0
0.6694015264511108,0
1.1876941919326782,0
0.6084259152412415,0
0.6998893022537231,0
0.3653406798839569,0
0.6858534812927246,0
0.044827885925769806,0
1.262776494026184,0
0.30123811960220337,0
-0.16087201237678528,0
-0.19270271062850952,0
-0.19643063843250275,0
-0.2529229521751404,0
1.653477430343628,1
0.39483144879341125,0
0.21301326155662537,0
1.3948314189910889,0
0.21301326155662537,0
0.21301326155662537,0
-0.05063670873641968,0
-0.2028106302022934,0
-0.09411496669054031,0
1.5797982215881348,0
0.03631981462240219,0
-0.21896697580814362,0
-0.2970919609069824,0
1.6560330390930176,0
-0.2970919609069824,0
-0.06271697580814362,0
-0.1763070523738861,0
-0.0447281077504158,0
1.607318639755249,0
-0.1909269392490387,0
-0.07396787405014038,0
0.1967885047197342,0
0.9344934225082397,0
1.139411449432373,0
0.03285408020019531,0
0.1967885047197342,0
-0.26106318831443787,0
-0.17397412657737732,0
-0.12444222718477249,0
-0.19302485883235931,0
1.645370602607727,1
-5.76558780670166,0
-2.01558780670166,0
2.98441219329834,0
-3.89058780670166,0
-2.64058780670166,0
-0.073911152780056,0
0.8552924394607544,0
-0.029663363471627235,0
-0.11815893650054932,0
1.231398582458496,0
1.066509485244751,0
0.8806987404823303,0
0.677996039390564,0
0.2894825339317322,0
0.15434741973876953,0
0.9958639740943909,0
1.0364044904708862,0
0.6580260992050171,0
0.6174855828285217,0
0.5228909850120544,0
0.707421600818634,0
0.707421600818634,0
0.38414570689201355,0
1.181559443473816,0
0.38414570689201355,0
0.6356728076934814,0
1.0523394346237183,0
0.41131386160850525,0
0.9561855792999268,0
0.6356728076934814,0
0.676946222782135,0
0.6562851071357727,0
1.0281858444213867,0
0.676946222782135,0
1.0075247287750244,0
1.5786203145980835,0
0.08985621482133865,0
-0.07868311554193497,0
-0.21913255751132965,0
-0.13486289978027344,0
-0.19833603501319885,0
-0.2067137211561203,0
-0.2343108057975769,0
-0.20720653235912323,0
1.6602782011032104,1
1.0877841711044312,0
0.33778420090675354,0
0.9627841711044312,0
0.40028420090675354,0
0.15028420090675354,0
0.4008850157260895,0
1.0863689184188843,0
0.7637882828712463,0
0.8041108250617981,0
0.7234656810760498,0
1.0315736532211304,0
-0.6350931525230408,0
1.0315736532211304,0
-0.9128709435462952,0
-0.07953757047653198,0
-0.19543637335300446,0
-0.24183045327663422,0
-0.20222574472427368,0
-0.2056204378604889,0
1.6599500179290771,1
-0.15847574174404144,0
-0.17760732769966125,0
-0.2686903476715088,0
-0.20505701005458832,0
1.6538267135620117,1
0.5750090479850769,0
-0.4964195787906647,0
1.3607232570648193,0
-0.06784813851118088,0
0.07500901073217392,0
0.3438750207424164,0
0.17720834910869598,0
0.6216528415679932,0
0.3994305729866028,0
1.28831946849823,0
0.26034826040267944,0
0.4327620565891266,0
1.2948310375213623,0
0.26034826040267944,0
0.6051758527755737,0
1.5623947381973267,0
-0.08533249795436859,0
0.19875839352607727,0
-0.31260523200035095,0
-0.19896885752677917,0
0.8064244985580444,0
-0.026908881962299347,0
0.25086891651153564,0
1.0842022895812988,0
0.6675356030464172,0
-0.25615713000297546,0
0.1850193291902542,0
0.0011958093382418156,0
1.5453132390975952,0
-0.14586301147937775,0
1.1661863327026367,0
0.8400993943214417,0
0.5140124559402466,0
0.2966211438179016,0
0.4053167998790741,0
1.0,0
0.5,0
0.0,0
0.0,0
1.0,0
1.074472188949585,0
0.9911388158798218,0
-0.09219460189342499,0
0.2411387413740158,0
-0.1755279302597046,0
-0.24112185835838318,0
-0.18536671996116638,0
-0.2332637459039688,0
-0.15954723954200745,0
1.6556750535964966,1
1.0467768907546997,0
0.9694573283195496,0
0.557086169719696,0
0.17048820853233337,0
0.27358099818229675,0
0.36048048734664917,0
0.6104804873466492,0
0.6104804873466492,0
1.1938138008117676,0
0.6938138008117676,0
-0.1893211007118225,0
-0.48343873023986816,0
1.6856787204742432,0
-0.26285049319267273,0
-0.1893211007118225,0
0.9798323512077332,0
0.4931066632270813,0
0.13912437856197357,0
0.3824872076511383,0
1.0462039709091187,0
-0.2072196751832962,0
-0.20081904530525208,0
-0.19022488594055176,0
-0.24098855257034302,0
1.6591174602508545,1
-0.11880683153867722,0
0.2978598475456238,0
-0.18825127184391022,0
1.4784153699874878,0
0.15897096693515778,0
-0.26221567392349243,0
-0.08364422619342804,0
1.5830224752426147,0
-0.38126328587532043,0
0.15445102751255035,0
1.3330330848693848,0
0.35202038288116455,0
0.5418937802314758,0
0.2570836842060089,0
0.16214697062969208,0
-0.24660570919513702,0
-0.11218803375959396,0
-0.21247456967830658,0
-0.23649278283119202,0
1.6525179147720337,1
0.26326072216033936,0
0.5709530115127563,0
1.0837734937667847,0
0.9171068072319031,0
0.5324915051460266,0
0.5459898710250854,0
0.8162600994110107,0
0.5459898710250854,0
1.1540979146957397,0
0.27571961283683777,0
-0.4347006380558014,0
1.6486326456069946,0
-0.2263673096895218,0
-0.2263673096895218,0
-0.018033981323242188,0
-0.2606860101222992,0
-0.20038917660713196,0
-0.18763408064842224,0
-0.16560253500938416,0
1.6548984050750732,1
-0.2100163996219635,0
-0.25040608644485474,0
-0.23302629590034485,0
-0.09790438413619995,0
1.6496232748031616,1
-0.23528805375099182,0
-0.13088181614875793,0
-0.23438018560409546,0
-0.15599983930587769,0
1.646142840385437,1
1.3436739444732666,0
0.5278844237327576,0
-0.024747146293520927,0
0.027884433045983315,0
0.36998969316482544,0
-0.2435397505760193,0
-0.1901361644268036,0
-0.2317909598350525,0
-0.16236630082130432,0
1.6569159030914307,1
0.4193125367164612,0
0.6044977307319641,0
0.6662261486053467,0
0.9748680591583252,0
1.0365965366363525,0
-0.2181093692779541,0
-0.1399959921836853,0
-0.25121456384658813,0
-0.2065783441066742,0
1.6547517776489258,1
-0.23913641273975372,0
-0.241146981716156,0
-0.1630219966173172,0
-0.15440526604652405,0
1.6522352695465088,1
-0.5693134069442749,0
-0.06931336969137192,0
1.2640199661254883,0
0.7640199661254883,0
-0.06931336969137192,0
0.37584492564201355,0
0.19727347791194916,0
1.0306068658828735,0
1.0306068658828735,0
0.37584492564201355,0
0.9865684509277344,0
0.2969133257865906,0
0.7926029562950134,0
0.44777539372444153,0
0.943464994430542,0
-0.16443394124507904,0
-0.18115834891796112,0
-0.24805597960948944,0
-0.18653404712677002,0
1.6504627466201782,1
-0.11930644512176514,0
-2.6193065643310547,0
1.1306935548782349,0
-0.11930644512176514,0
-0.11930644512176514,0
1.0855987071990967,0
0.8475034236907959,0
0.7284557819366455,0
0.25226524472236633,0
0.37131285667419434,0
1.5598537921905518,0
-0.08398193120956421,0
-0.15247508883476257,0
-0.15247508883476257,0
0.15574409067630768,0
1.0888309478759766,0
0.562515139579773,0
0.6940941214561462,0
0.1019887924194336,0
0.7598835825920105,0
1.6284204721450806,0
-0.0104683768004179,0
-0.28824615478515625,0
-0.12157949060201645,0
-0.28824615478515625,0
-1.5728594064712524,0
0.30214056372642517,0
0.30214056372642517,0
0.9271405935287476,0
0.30214056372642517,0
0.26010268926620483,0
0.9148645997047424,0
0.37915030121803284,0
1.033912181854248,0
0.7362931370735168,0
-0.2460000365972519,0
-0.22512872517108917,0
-0.17259056866168976,0
-0.19442148506641388,0
1.6585676670074463,1
1.6220711469650269,1
-0.14909888803958893,0
-0.0618332102894783,0
-0.1878836303949356,0
-0.18465156853199005,0
1.6595799922943115,1
-0.1736622452735901,0
-0.2164439707994461,0
-0.2296425849199295,0
-0.22372595965862274,0
0.015781575813889503,0
1.6066906452178955,0
-0.15467296540737152,0
-0.21149113774299622,0
-0.15467296540737152,0
-1.9198671579360962,0
0.5801329016685486,0
0.5801329016685486,0
0.5801329016685486,0
-0.2532004117965698,0
-0.09036505222320557,0
0.865517258644104,0
0.7919878363609314,0
0.9390466213226318,0
0.2037525773048401,0
1.6577638387680054,1
-0.23570570349693298,0
-0.18462945520877838,0
-0.22248059511184692,0
-0.18736568093299866,0
1.619941234588623,1
-0.13816358149051666,0
-0.02906133607029915,0
-0.1880389004945755,0
-0.23635561764240265,0
1.5936000347137451,1
-0.22134186327457428,0
-0.22002191841602325,0
0.09544799476861954,0
-0.13290469348430634,0
1.425521969795227,0
-0.4930826425552368,0
-0.08610592037439346,0
-0.6093617081642151,0
0.5534289479255676,0
1.636696696281433,1
-0.22129154205322266,0
-0.13845130801200867,0
-0.14732703566551208,0
-0.1724749654531479,0
1.6527796983718872,1
-0.20580056309700012,0
-0.1596854031085968,0
-0.18204426765441895,0
-0.2505182921886444,0
1.4894193410873413,1
0.013355549424886703,0
0.13968533277511597,0
0.22612151503562927,0
-0.12627211213111877,0
1.506089448928833,1
-0.1339106261730194,0
0.1927560418844223,0
0.1394227147102356,0
-0.07391062378883362,0
1.6021082401275635,1
-0.15760040283203125,0
-0.08478487282991409,0
-0.021678073331713676,0
-0.18429943919181824,0
1.562027096748352,1
0.1563667505979538,0
-0.0794823169708252,0
-0.16438797116279602,0
-0.17382194101810455,0
1.579081416130066,1
-0.11139474809169769,0
-0.1917518973350525,0
0.1118195429444313,0
-0.1664542704820633,0
1.614109992980957,1
-0.23506353795528412,0
-0.1627494841814041,0
0.023200925439596176,0
-0.2040718048810959,0
1.6584827899932861,1
-0.23355527222156525,0
-0.20002000033855438,0
-0.1967746615409851,0
-0.20326535403728485,0
0.033104803413152695,0
0.9154577255249023,0
1.0625165700912476,0
0.4742812514305115,0
0.4742812514305115,0
1.5077505111694336,1
0.048642776906490326,0
0.10440485924482346,0
0.11369853466749191,0
-0.01641298271715641,0
0.876403272151947,1
0.3841753304004669,0
1.1354706287384033,0
0.578475832939148,0
0.3841753304004669,0
0.8608835339546204,0
0.8608835339546204,0
0.060883499681949615,0
0.7608835101127625,0
0.7608835101127625,0
1.248514175415039,0
-0.07093025743961334,0
0.27629196643829346,0
0.48462530970573425,0
0.6235142350196838,0
1.64827299118042,1
-0.12080848962068558,0
-0.2070525586605072,0
-0.2501746118068695,0
-0.19411595165729523,0
0.8602164387702942,0
0.3046609163284302,0
0.3046609163284302,0
0.10624824464321136,0
1.177676796913147,0
0.713995635509491,0
0.461470365524292,0
1.2442985773086548,0
0.2847026586532593,0
0.3099552094936371,0
0.9994180798530579,0
1.071533441543579,0
0.061917994171381,0
0.2782641649246216,0
0.2542257010936737,0
1.6543635129928589,1
-0.1977677196264267,0
-0.20861268043518066,0
-0.24822038412094116,0
-0.15485937893390656,0
0.8238725066184998,0
0.7871078252792358,0
0.5787744522094727,0
0.6645587682723999,0
1.1179901361465454,0
0.13630682229995728,0
0.5113068222999573,0
0.19880682229995728,0
0.9488068222999573,0
1.0738067626953125,0
1.599083662033081,1
-0.16843219101428986,0
-0.1604704111814499,0
-0.009196518920361996,0
-0.08881435543298721,0
1.009454607963562,0
0.8399630784988403,0
0.9247088432312012,0
0.6704715490341187,0
0.45860710740089417,0
-0.07079051434993744,0
1.1196856498718262,0
-0.18983814120292664,0
-0.18983814120292664,0
1.0006381273269653,0
0.5661752820014954,0
0.7050641775131226,0
0.4272863566875458,0
0.8439530730247498,0
1.1217308044433594,0
0.264887273311615,0
0.014887265861034393,0
1.5148873329162598,0
-0.1636841744184494,0
-0.127969890832901,0
1.4948371648788452,1
-0.11141281574964523,0
0.1760871857404709,0
-0.017662812024354935,0
0.1823371946811676,0
1.471476435661316,1
0.14096799492835999,0
-0.08784555643796921,0
-0.020048949867486954,0
0.3019849359989166,0
1.6573469638824463,1
-0.20950141549110413,0
-0.19538812339305878,0
-0.20025476813316345,0
-0.21923471987247467,0
0.9947340488433838,0
0.9947340488433838,0
0.6243637204170227,0
0.6552278995513916,0
0.8404130935668945,0
0.9720852971076965,0
0.0981016457080841,0
1.1143617630004883,0
0.19972765445709229,0
0.05745123699307442,0
0.12242510914802551,0
0.9036750793457031,0
0.12242510914802551,0
0.3958626091480255,0
1.1380500793457031,0
0.8212451338768005,0
1.077269196510315,0
0.8664258122444153,0
0.5200403332710266,0
0.5501607656478882,0
0.46796923875808716,0
1.149787425994873,0
0.8251121044158936,0
0.25693026185035706,0
0.5816056132316589,0
0.06310731917619705,0
0.06310731917619705,0
1.5176527500152588,0
-0.07325632125139236,0
0.10856186598539352,0
0.3310723602771759,0
0.21743600070476532,0
0.3310723602771759,0
0.4447087347507477,0
1.35379958152771,0
1.659915566444397,1
-0.2050422728061676,0
-0.19768302142620087,0
-0.2271200269460678,0
-0.21362806856632233,0
1.568785548210144,1
-0.05863829329609871,0
-0.10018953680992126,0
0.09371628612279892,0
-0.19021724164485931,0
1.6536107063293457,1
-0.2163243591785431,0
-0.25481706857681274,0
-0.13326115906238556,0
-0.20518173277378082,0
-0.10397005081176758,0
-0.10397005081176758,0
1.6460299491882324,0
-0.6039700508117676,0
-1.3539700508117676,0
1.6196036338806152,1
-0.06203790754079819,0
-0.21502479910850525,0
-0.2210957109928131,0
-0.08632154017686844,0
1.2714488506317139,1
0.00095703563420102,0
0.04194064065814018,0
-0.16297738254070282,0
0.779645562171936,0
0.3908790946006775,0
0.6765934228897095,0
1.1765934228897095,0
0.7480219602584839,0
0.3908790946006775,0
1.6437902450561523,1
-0.18467018008232117,0
-0.2120799571275711,0
-0.2406318038702011,0
-0.10472499579191208,0
1.6340837478637695,1
-0.17571277916431427,0
-0.06120895594358444,0
-0.24250666797161102,0
-0.20592905580997467,0
1.4271187782287598,1
-0.07902880012989044,0
0.5152335166931152,0
-0.05853699892759323,0
-0.12001240998506546,0
0.21042189002037048,1
1.0854219198226929,0
0.9604219198226929,0
0.4604218900203705,0
0.21042189002037048,0
0.37435176968574524,0
1.2125869989395142,0
0.7125870585441589,0
0.2419988363981247,0
0.5802341103553772,0
1.6554194688796997,1
-0.23943841457366943,0
-0.21958056092262268,0
-0.19658724963665009,0
-0.16000697016716003,0
0.8681187033653259,0
0.7014520168304443,0
0.8681187033653259,0
-0.048547983169555664,0
0.7014520168304443,0
1.6597830057144165,1
-0.19234098494052887,0
-0.21712982654571533,0
-0.2122332602739334,0
-0.22080224752426147,0
-0.027429156005382538,0
1.3362072706222534,0
0.5028738975524902,0
0.4271163046360016,0
-0.027429156005382538,0
1.6098263263702393,1
-0.02337823249399662,0
-0.2531079649925232,0
-0.19905389845371246,0
-0.06391876935958862,0
0.05948534607887268,0
0.5411367416381836,0
-0.10106511414051056,0
0.08242112398147583,0
1.3897604942321777,0
1.1632064580917358,0
0.24653975665569305,0
-0.17012691497802734,0
0.49653977155685425,0
0.7465397715568542,0
1.6599169969558716,1
-0.2321774810552597,0
-0.19939367473125458,0
-0.2139122188091278,0
-0.19845698773860931,0
0.7200310826301575,0
0.5252258777618408,0
1.1745765209197998,0
0.7200310826301575,0
0.5901609063148499,0
