0.6778825521469116,0
1.2655692100524902,0
0.3653825521469116,0
0.2674347758293152,0
0.40269598364830017,0
1.1681033372879028,1
0.6711459755897522,0
0.3744928240776062,0
0.2908214330673218,0
0.7548173666000366,0
1.0592539310455322,1
0.3915892541408539,0
0.5128467082977295,0
0.6805114150047302,0
0.9454814791679382,0
0.1630048006772995,0
0.4298893213272095,0
0.8111528754234314,0
1.1924165487289429,0
0.08675207197666168,0
0.9331960082054138,0
0.8526992201805115,0
0.9538951516151428,0
0.3191205561161041,0
0.5698105692863464,0
-0.1994331181049347,0
1.530452013015747,0
-0.024145761504769325,0
-0.03276645019650459,0
0.19999216496944427,0
0.5939805507659912,1
1.3295485973358154,0
0.12843120098114014,0
0.3099954426288605,0
0.0911872461438179,0
0.7525952458381653,0
0.9674487113952637,0
1.0245773792266846,0
0.5352579355239868,0
0.453290730714798,0
1.2202370166778564,1
0.2967895269393921,0
0.6661685109138489,0
0.6019287109375,0
0.15224991738796234,0
0.637893795967102,0
0.7364339232444763,0
0.6506674885749817,0
1.0557769536972046,0
0.9663609266281128,0
-0.26269611716270447,0
-0.1137135699391365,0
1.634106159210205,0
-0.08827752619981766,0
-0.22635892033576965,0
0.6969760656356812,0
0.3439226448535919,0
0.12445700913667679,0
0.12684249877929688,0
1.2766516208648682,0
0.6045239567756653,0
1.1997621059417725,0
0.656904935836792,0
0.671190619468689,0
0.5569049119949341,0
1.4737416505813599,1
0.2633821666240692,0
0.1153906062245369,0
0.08367813378572464,0
-0.059028007090091705,0
0.3186340034008026,0
0.38620156049728394,0
0.7872477173805237,0
1.2122695446014404,0
0.12900890409946442,0
1.3911305665969849,1
0.3663144111633301,0
0.25142472982406616,0
0.242233544588089,0
0.2376379519701004,0
0.5084003806114197,0
0.15374115109443665,0
-0.1000835970044136,0
1.4020025730133057,0
-0.08965244144201279,0
0.4403255879878998,0
1.4182168245315552,0
0.20860789716243744,0
-0.10601796954870224,0
-0.11664722114801407,0
1.2211488485336304,0
0.8524438142776489,0
0.07006967812776566,0
-0.05582960695028305,0
0.02510564960539341,0
0.06542783975601196,0
0.17855001986026764,0
0.5857898592948914,0
1.3550206422805786,0
0.08805228024721146,0
1.4055838584899902,1
0.1276886761188507,0
0.40429192781448364,0
0.20344625413417816,0
0.167622908949852,0
1.4240927696228027,1
0.17409278452396393,0
0.3285309970378876,0
0.222573384642601,0
0.08013036102056503,0
0.09605108201503754,0
0.9505072832107544,0
0.11444845795631409,0
1.0527149438858032,0
0.5375882387161255,0
1.622277021408081,1
-0.10284293442964554,0
-0.20064663887023926,0
-0.19412639737129211,0
-0.08774341642856598,0
0.04606422781944275,0
0.34416720271110535,0
0.16801545023918152,0
0.06300189346075058,0
1.441728115081787,0
0.8196753859519958,0
0.7680651545524597,0
0.2540271580219269,0
0.7639363408088684,0
1.0013434886932373,0
0.14437232911586761,0
0.24417273700237274,0
0.6832945346832275,0
1.24217689037323,0
0.5136338472366333,0
0.1015915647149086,0
0.2582971155643463,0
0.8996965885162354,0
0.11252450942993164,0
1.1657315492630005,0
1.3984426259994507,1
0.17886997759342194,0
0.07596081495285034,0
0.44999605417251587,0
0.16452206671237946,0
0.610381543636322,0
1.3456757068634033,0
0.2049761563539505,0
-0.029523026198148727,0
-0.021573901176452637,0
0.9431596994400024,0
0.5429133772850037,0
0.9000562429428101,0
0.29352909326553345,0
0.893898606300354,0
0.5092194676399231,0
1.2911882400512695,0
0.5437180995941162,0
0.2493298500776291,0
0.36432525515556335,0
0.23778919875621796,0
0.9727057814598083,0
1.0497275590896606,0
0.5555042624473572,0
0.22816146910190582,0
1.5496026277542114,1
-0.04962417483329773,0
-0.04511386528611183,0
0.0637778788805008,0
-0.01901850663125515,0
1.2203986644744873,0
0.8752103447914124,0
-0.11502674221992493,0
-0.0592387393116951,0
-0.12897375226020813,0
-0.19860351085662842,0
1.6470340490341187,0
-0.17133840918540955,0
-0.1293921023607254,0
-0.26571759581565857,0
1.0290026664733887,0
0.9216238260269165,0
0.7178793549537659,0
0.25807762145996094,0
0.5279014110565186,0
1.5266364812850952,0
-0.18932335078716278,0
-0.17816263437271118,0
0.12038648128509521,0
0.1650293469429016,0
0.9993277788162231,0
0.010174917057156563,0
0.159968301653862,0
0.03600136190652847,0
1.0948855876922607,0
0.0739474669098854,0
0.4281141459941864,0
0.9801974892616272,0
1.0635308027267456,0
0.2093641459941864,0
1.6080915927886963,1
-0.16490086913108826,0
-0.14340539276599884,0
-0.09235364943742752,0
-0.07200971990823746,0
0.3525048494338989,0
0.11782680451869965,0
0.5736064910888672,0
1.3280673027038574,0
0.16243502497673035,0
0.6043837666511536,0
0.2115667164325714,0
0.27048927545547485,0
0.8260448575019836,0
1.1431043148040771,0
1.6086677312850952,1
-0.21719160676002502,0
-0.06857086718082428,0
-0.18068179488182068,0
-0.04017435014247894,0
0.02697901427745819,0
0.09149514138698578,0
-0.08592420816421509,0
1.3334306478500366,0
0.6640757918357849,0
0.640370786190033,0
0.520978569984436,0
1.2518035173416138,0
0.45947355031967163,0
0.33646339178085327,0
1.1793609857559204,0
0.6704833507537842,0
0.34866976737976074,0
0.5706101655960083,0
0.7085302472114563,0
0.9189901947975159,0
1.0240626335144043,0
0.1291351318359375,0
0.10377281159162521,0
0.6617438197135925,0
0.09667623788118362,0
0.3655715882778168,0
0.32196691632270813,0
1.0341761112213135,0
1.0214581489562988,0
0.7816197872161865,0
0.9073683023452759,0
1.0600628852844238,0
0.4582664966583252,0
0.5660509467124939,0
-0.020243065431714058,0
-0.05098076909780502,0
0.025863490998744965,0
1.5525028705596924,0
-0.015120115131139755,0
0.36290088295936584,0
0.09095059335231781,0
1.091339111328125,0
0.957306444644928,0
0.3298783302307129,0
1.3551914691925049,1
0.17862039804458618,0
0.47404390573501587,0
0.3801231384277344,0
0.0983608290553093,0
0.7137070894241333,0
0.28155848383903503,0
1.1337393522262573,0
0.22097690403461456,0
0.7662111520767212,0
0.07802215218544006,0
0.23186829686164856,0
0.9280222058296204,0
0.3318682909011841,0
1.1280221939086914,0
1.6116098165512085,0
-0.27063456177711487,0
-0.11125626415014267,0
-0.17974941432476044,0
0.0020208649802953005,0
1.156419038772583,0
0.44858765602111816,0
0.08714187145233154,0
0.10220210999250412,0
0.8552141189575195,0
1.1130905151367188,0
0.08854558318853378,0
0.39742588996887207,0
0.25125932693481445,0
0.9310717582702637,0
-0.2437923550605774,0
-0.234121173620224,0
-0.18092969059944153,0
-0.10839583724737167,0
1.646923303604126,0
0.2879069447517395,0
1.3670827150344849,0
0.4072128236293793,0
0.35298287868499756,0
0.14690911769866943,0
0.828181803226471,0
0.9224818348884583,0
0.29381468892097473,0
0.6710149645805359,0
0.9455329775810242,0
1.5830891132354736,0
-0.19882574677467346,0
-0.16779737174510956,0
0.15135157108306885,0
-0.24315199255943298,0
0.9042178392410278,0
0.3391493558883667,0
0.5857247114181519,0
1.0959986448287964,0
0.5857247114181519,0
1.6028692722320557,1
-0.2323661595582962,0
-0.13678841292858124,0
-0.13964147865772247,0
0.022983349859714508,0
0.050424255430698395,0
0.22913293540477753,0
0.769102156162262,0
1.2552666664123535,0
-0.030282888561487198,0
0.6247887015342712,0
0.48574215173721313,0
0.9553789496421814,0
0.9695673584938049,0
0.8815991282463074,0
1.4389312267303467,1
-0.12481864541769028,0
0.42705634236335754,0
-0.07731864601373672,0
0.12455634772777557,0
-0.15469005703926086,0
1.5167384147644043,0
0.08102422207593918,0
0.20959565043449402,0
-0.1046900600194931,0
-0.19387827813625336,0
-0.25899824500083923,0
-0.20879723131656647,0
-0.15430374443531036,0
1.654974341392517,1
0.31150439381599426,0
0.006144109647721052,0
0.6739824414253235,0
1.2934902906417847,0
0.032506149262189865,0
1.2759231328964233,0
0.07496879249811172,0
0.6104936599731445,0
0.4951702356338501,0
0.08159657567739487,0
0.8256387710571289,0
1.1470966339111328,0
0.6638861298561096,0
0.4325183928012848,0
0.5000859498977661,0
-0.050343532115221024,0
-0.23383969068527222,0
-0.24442929029464722,0
-0.22848795354366302,0
1.6421709060668945,1
0.27553030848503113,0
0.11324282735586166,0
1.1410635709762573,0
0.2987142503261566,0
0.9169523119926453,0
0.06099408119916916,0
0.26059490442276,0
1.2336487770080566,0
0.7895370125770569,0
0.215684711933136,0
-0.131092369556427,0
0.551511287689209,0
0.03307812660932541,0
1.404045820236206,0
-0.13397255539894104,0
0.9485061168670654,0
0.8291139602661133,0
0.3008939325809479,0
0.9267984628677368,0
0.6590704917907715,0
0.6996806859970093,0
0.12457918375730515,0
0.02309068664908409,0
0.4053640067577362,0
1.257867455482483,0
0.13487456738948822,0
0.027347687631845474,0
1.376810073852539,0
0.25315412878990173,0
0.4950896203517914,0
0.9475498199462891,0
0.17851689457893372,0
0.15794076025485992,0
1.1275910139083862,0
0.26596546173095703,0
-0.02125711739063263,0
-0.14694318175315857,0
0.49630600214004517,0
-0.17328785359859467,0
1.4375793933868408,1
1.0347450971603394,0
0.7715871930122375,0
0.5674129724502563,0
0.6354710459709167,0
0.9712242484092712,0
1.4861801862716675,0
0.13970133662223816,0
0.211532324552536,0
-0.06029864773154259,0
0.048152051866054535,0
0.3376099765300751,0
1.1352927684783936,0
0.7966117858886719,0
0.6584656238555908,0
0.6183586716651917,0
0.9114952087402344,0
0.31470486521720886,0
1.0469014644622803,0
0.7409836649894714,0
0.4501110911369324,0
-0.20200634002685547,0
-0.22148148715496063,0
-0.2248542755842209,0
-0.19781754910945892,0
1.6602641344070435,1
-0.12488307803869247,0
-0.023680921643972397,0
0.04256049171090126,0
-0.22608523070812225,0
1.579606533050537,1
0.178287535905838,0
-0.01694023422896862,0
0.0033959909342229366,0
0.9605543613433838,0
1.1259557008743286,1
0.9624367356300354,0
1.1020764112472534,0
0.3768511414527893,0
0.2327069789171219,0
0.24622049927711487,0
-0.17027544975280762,0
0.01633170060813427,0
-0.24371294677257538,0
-0.24259687960147858,0
1.6214656829833984,1
0.513741672039032,0
0.44958606362342834,0
1.2918874025344849,0
0.389569491147995,0
0.4744204878807068,0
0.6560462117195129,0
0.10901481658220291,0
0.7160862684249878,0
1.1663864850997925,0
0.3541782796382904,0
0.3881722688674927,0
1.0352962017059326,0
0.40476518869400024,0
0.9855174422264099,0
0.6425970792770386,0
-0.18422159552574158,0
-0.1580641269683838,0
-0.2156105637550354,0
-0.1724507361650467,0
1.6441854238510132,1
0.718235433101654,0
0.6497422456741333,0
1.140609860420227,0
0.6839888095855713,0
0.28064027428627014,0
0.42948010563850403,0
1.1429425477981567,0
0.1205819696187973,0
0.8617069721221924,0
0.4260222911834717,0
0.09262502193450928,0
-0.22182436287403107,0
-0.04263913631439209,0
-0.23901087045669556,0
1.5821220874786377,1
0.5319262146949768,0
0.8161015510559082,0
1.180143117904663,0
0.349905401468277,0
0.3610495328903198,0
0.8630305528640747,0
0.39325931668281555,0
0.9528998732566833,0
0.9161351323127747,0
0.2768377661705017,0
0.6257824897766113,0
0.9632825255393982,0
1.050782561302185,0
0.6632825136184692,0
0.45078250765800476,0
-0.0803886279463768,0
-0.27861660718917847,0
-0.18848514556884766,0
-0.19818219542503357,0
1.6420105695724487,1
0.27520307898521423,0
0.9443206787109375,0
0.2899089753627777,0
0.40755602717399597,0
1.113438367843628,0
0.6759451627731323,0
0.9705880284309387,0
0.6313022971153259,0
0.2563022971153259,0
0.9795166254043579,0
0.3354431390762329,0
0.5858244299888611,0
0.5260887742042542,0
0.16894593834877014,0
1.273419737815857,1
1.3088350296020508,0
0.6632756590843201,0
0.24386776983737946,0
0.13695986568927765,0
0.042387500405311584,0
0.9360558390617371,0
0.1396568864583969,0
0.4997677206993103,0
1.0433965921401978,0
0.5690197944641113,0
-0.06223898008465767,0
0.0937943086028099,0
-0.1107826679944992,0
0.5480245351791382,0
1.3940716981887817,0
-0.08247204124927521,0
0.0013069247361272573,0
-0.011170793324708939,0
0.5708256363868713,0
1.3907898664474487,1
-0.04240972176194191,0
0.03356368467211723,0
1.0900688171386719,0
0.031189514324069023,0
1.0164695978164673,0
0.7650607824325562,0
0.1782781034708023,0
1.1754558086395264,0
0.47343331575393677,0
0.553395688533783,0
0.49805060029029846,0
0.12905345857143402,0
0.3426834046840668,0
1.338446021080017,0
0.3356212377548218,0
-0.17645929753780365,0
-0.17822442948818207,0
-0.2762608230113983,0
-0.17082995176315308,0
1.6525520086288452,1
-0.018108246847987175,0
1.2934074401855469,0
0.3509862422943115,0
0.6536437273025513,0
0.05817127972841263,0
1.0010007619857788,0
0.761228084564209,0
1.0135008096694946,0
0.6771371960639954,0
0.7964553833007812,0
0.1334010809659958,0
0.7240082621574402,0
0.22353391349315643,0
1.2695491313934326,0
0.2804599106311798,0
0.9743456244468689,0
0.805280864238739,0
0.9455686211585999,0
0.30887797474861145,0
0.3628348112106323,0
-0.22005978226661682,0
1.600230097770691,0
-0.104117751121521,0
-0.1722337007522583,0
0.027766309678554535,0
0.7787817120552063,0
1.0548739433288574,0
0.842495322227478,0
0.281208872795105,0
0.581572949886322,0
-0.15565304458141327,0
-0.09126511961221695,0
-0.2251283973455429,0
-0.12878499925136566,0
1.6246330738067627,1
0.6638819575309753,0
1.1824004650115967,0
0.5033881068229675,0
0.7441288828849792,0
0.5651165246963501,0
-0.1804986149072647,0
-0.13971927762031555,0
0.3802172839641571,0
-0.09724079817533493,0
1.4925869703292847,1
0.8879945874214172,0
0.32818603515625,0
0.971726655960083,0
0.5243582725524902,0
0.8903869390487671,0
1.42754065990448,0
-0.14808960258960724,0
0.4742843806743622,0
0.10401125252246857,0
-0.1585938036441803,0
-0.11118189245462418,0
0.46236899495124817,0
-0.16029700636863708,0
-0.1915520876646042,0
1.4633431434631348,1
1.1795308589935303,0
0.5215241312980652,0
0.8175207376480103,0
0.32561275362968445,0
0.291541188955307,0
0.23690268397331238,0
0.2604505717754364,0
1.02183198928833,0
0.9551130533218384,0
0.6686137914657593,0
0.6284797787666321,0
1.2638964653015137,0
0.4618130922317505,0
0.4375075399875641,0
0.21181310713291168,0
1.2172116041183472,0
0.6850608587265015,0
0.2914910316467285,0
0.5852826237678528,0
0.4818088412284851,0
-0.025451764464378357,0
0.01615186594426632,0
0.5796919465065002,0
0.3319612443447113,0
1.3323395252227783,0
-0.10026821494102478,0
-0.20956411957740784,0
-0.22049370408058167,0
0.3294372260570526,0
1.5184617042541504,1
-0.17835380136966705,0
1.5449879169464111,0
-0.1909482479095459,0
0.239362433552742,0
-0.10908427089452744,0
-0.23111844062805176,0
-0.2100919932126999,0
-0.10523498803377151,0
-0.2509889602661133,0
1.6508033275604248,1
-0.021317623555660248,0
1.1054766178131104,0
0.0528450533747673,0
1.000213384628296,0
-0.018925277516245842,0
-9.117290496826172,0
-1.61729097366333,0
-14.117290496826172,0
3.38270902633667,0
-19.117290496826172,0
-0.5002695918083191,0
-0.5964234471321106,0
-0.45219266414642334,0
1.8074226379394531,0
-0.4041157364845276,0
0.33901241421699524,0
0.012925448827445507,0
0.7194471955299377,0
0.012925448827445507,0
1.262925386428833,0
1.661564588546753,1
-0.21703508496284485,0
-0.21449415385723114,0
-0.20150713622570038,0
-0.22211696207523346,0
1.657454490661621,1
-0.17845813930034637,0
-0.21912458539009094,0
-0.18990790843963623,0
-0.24123451113700867,0
1.6572831869125366,1
-0.18367086350917816,0
-0.16885291039943695,0
-0.24435390532016754,0
-0.2334168404340744,0
-0.10385773330926895,0
0.36125853657722473,0
1.1752119064331055,0
0.18683992326259613,0
0.8263747692108154,0
0.3282574415206909,0
-0.6092425584793091,0
-0.2967425584793091,0
-0.6092425584793091,0
1.5782573223114014,0
0.2537792921066284,0
-0.09458135068416595,0
-0.23802398145198822,0
-0.2175321727991104,0
1.5447628498077393,0
0.5721733570098877,0
1.0930067300796509,0
0.4680067300796509,0
0.8846733570098877,0
0.1555067002773285,0
0.33981698751449585,0
0.49606698751449585,0
0.9257544279098511,0
1.003879427909851,0
0.8085669279098511,0
1.6543986797332764,1
-0.24302025139331818,0
-0.23176942765712738,0
-0.2062896192073822,0
-0.13349014520645142,0
0.23218834400177002,0
1.4186290502548218,0
0.23218834400177002,0
-0.06442183256149292,0
0.31693410873413086,0
1.658442735671997,1
-0.20956870913505554,0
-0.16574881970882416,0
-0.24998877942562103,0
-0.2125907689332962,0
0.8574279546737671,0
0.3105529546737671,0
0.3886779546737671,0
0.8574279546737671,0
1.013677954673767,0
1.6507405042648315,1
-0.25904572010040283,0
-0.13915856182575226,0
-0.15489035844802856,0
-0.24087278544902802,0
1.2685840129852295,0
0.39020562171936035,0
0.6604759097099304,0
0.2550705075263977,0
-0.01519976370036602,0
1.6571168899536133,1
-0.19006410241127014,0
-0.20709894597530365,0
-0.18292047083377838,0
-0.24611422419548035,0
1.6584193706512451,1
-0.24576745927333832,0
-0.1842307597398758,0
-0.18595609068870544,0
-0.22017508745193481,0
1.6548100709915161,1
-0.1912604123353958,0
-0.22334404289722443,0
-0.24785737693309784,0
-0.151606485247612,0
1.1306935548782349,0
-1.3693064451217651,0
-1.3693064451217651,0
-1.3693064451217651,0
1.1306935548782349,0
0.42685559391975403,0
0.23454789817333221,0
0.23454789817333221,0
0.6191632747650146,0
1.2922402620315552,0
1.648348093032837,1
-0.13370315730571747,0
-0.25706496834754944,0
-0.24566896259784698,0
-0.1433897614479065,0
-0.4539591073989868,0
-0.09681624919176102,0
1.3317551612854004,0
0.260326623916626,0
-1.882530689239502,0
0.33109810948371887,0
0.17484810948371887,0
0.9560981392860413,0
0.17484810948371887,0
1.1123480796813965,0
1.6587395668029785,1
-0.21825066208839417,0
-0.21963512897491455,0
-0.23694096505641937,0
-0.1642564833164215,0
1.6498996019363403,1
-0.24979719519615173,0
-0.12872569262981415,0
-0.15767256915569305,0
-0.25393247604370117,0
0.5644147396087646,0
0.5644147396087646,0
0.3371420204639435,0
1.2462329864501953,0
0.5644147396087646,0
0.5574728846549988,0
1.0527558326721191,0
0.5574728846549988,0
0.9348313808441162,0
0.20369933545589447,0
0.959145724773407,0
0.44632524251937866,0
0.766838014125824,0
1.023248314857483,0
0.5104277729988098,0
1.3034696578979492,0
-0.0033484804444015026,0
0.7352878451347351,0
-0.17380301654338837,0
-0.0033484804444015026,0
1.65377676486969,1
-0.1806800663471222,0
-0.22749654948711395,0
-0.2563354969024658,0
-0.14547407627105713,0
1.6593618392944336,1
-0.22284378111362457,0
-0.1841605305671692,0
-0.2383929193019867,0
-0.19629643857479095,0
1.6543869972229004,1
-0.1501782238483429,0
-0.1719173640012741,0
-0.24039562046527863,0
-0.2525695264339447,0
-0.13492228090763092,0
0.39324674010276794,0
-0.09971101582050323,0
1.4847960472106934,0
-0.13492228090763092,0
-0.12202004343271255,0
-1.3720200061798096,0
-0.5386866927146912,0
-0.5386866927146912,0
1.7529798746109009,0
1.6521800756454468,1
-0.24480892717838287,0
-0.2588708996772766,0
-0.16540008783340454,0
-0.13534604012966156,0
0.2554633319377899,0
0.7668269276618958,0
1.1077359914779663,0
0.2554633319377899,0
0.7668269276618958,0
0.27511924505233765,0
1.3022509813308716,0
0.46891769766807556,0
0.46891769766807556,0
0.46891769766807556,0
-0.10196510702371597,0
0.16119280457496643,0
1.4769823551177979,0
0.16119280457496643,0
0.16119280457496643,0
1.0148552656173706,0
0.3989132046699524,0
0.18152190744876862,0
0.9786233901977539,0
0.6163045167922974,0
1.6510772705078125,1
-0.2743549942970276,0
-0.19150197505950928,0
-0.157730370759964,0
-0.16853727400302887,0
1.6579527854919434,1
-0.17737720906734467,0
-0.20442773401737213,0
-0.2578042149543762,0
-0.1947668343782425,0
1.6537208557128906,1
-0.2071261703968048,0
-0.2434983253479004,0
-0.23968511819839478,0
-0.12294219434261322,0
1.6611415147781372,1
-0.2205325961112976,0
-0.20580324530601501,0
-0.22544237971305847,0
-0.20058660209178925,0
0.35127153992652893,0
0.31606027483940125,0
0.456905335187912,0
1.3019758462905884,0
0.5449334979057312,0
1.6533846855163574,1
-0.1804022639989853,0
-0.2684996724128723,0
-0.1845613718032837,0
-0.171705961227417,0
0.035428259521722794,0
-0.2423495203256607,0
-0.3534606397151947,0
1.646539330482483,0
-0.3534606397151947,0
0.5125023126602173,0
0.6261386275291443,0
0.5125023126602173,0
0.7397750020027161,0
1.1943204402923584,0
0.09973704069852829,0
1.5631515979766846,0
-0.16449059545993805,0
-0.0018889729399234056,0
-0.16449059545993805,0
1.4692920446395874,0
0.1089978888630867,0
0.29282140731811523,0
-0.07482562959194183,0
0.072233185172081,0
1.5405101776123047,0
-0.04282315820455551,0
0.24884352087974548,0
-0.2928231656551361,0
-0.2094898223876953,0
0.9190757870674133,0
1.1274091005325317,0
0.0857425183057785,0
0.2940758466720581,0
-0.1225908100605011,0
-0.003846346400678158,0
-0.1412089765071869,0
-0.003846346400678158,0
1.5620876550674438,0
-0.003846346400678158,0
1.6520520448684692,1
-0.2589368224143982,0
-0.2339620739221573,0
-0.14248155057430267,0
-0.16521137952804565,0
0.8657089471817017,0
1.0508941411972046,0
0.35644975304603577,0
0.7731163501739502,0
0.2638571560382843,0
-inf,0
-inf,0
-inf,0
-inf,0
inf,0
1.0059118270874023,0
0.2582482397556305,0
0.2582482397556305,0
0.44516411423683167,0
1.0526407957077026,0
0.5620005130767822,0
1.0959811210632324,0
0.2950102388858795,0
0.440641313791275,0
0.926078200340271,0
1.655440092086792,1
-0.23160657286643982,0
-0.2454909235239029,0
-0.20424623787403107,0
-0.13972483575344086,0
-0.15818218886852264,0
-0.390740305185318,0
1.6441433429718018,0
0.01623641513288021,0
-0.390740305185318,0
1.1590510606765747,0
0.34444430470466614,0
0.7377027273178101,0
0.5410735011100769,0
0.7096128463745117,0
0.01825309358537197,0
0.6280092000961304,0
1.2377653121948242,0
0.20117992162704468,0
0.567033588886261,0
0.29037320613861084,0
0.2290235012769699,0
0.29037320613861084,0
1.3639928102493286,0
0.4437474310398102,0
0.7061746716499329,0
0.7061746716499329,0
0.31143778562545776,0
1.1009114980697632,0
0.7719641327857971,0
1.6477324962615967,1
-0.27732396125793457,0
-0.1599501073360443,0
-0.14771059155464172,0
-0.1859983205795288,0
0.6083402037620544,0
1.025006890296936,0
0.418946236371994,0
0.1159159392118454,0
0.949249267578125,0
-0.19028456509113312,0
1.0597153902053833,0
-0.07664821296930313,0
-0.07664821296930313,0
1.0597153902053833,0
0.3053619861602783,0
1.0406560897827148,0
0.7465384602546692,0
0.8935972452163696,0
0.599479615688324,0
0.41372349858283997,0
1.1745930910110474,0
0.41372349858283997,0
0.8485061526298523,0
0.41372349858283997,0
0.565930962562561,0
0.6202787756919861,0
0.32136571407318115,0
1.2181048393249512,0
0.6202787756919861,0
-0.16703610122203827,0
0.06023662909865379,0
0.42387300729751587,0
1.4238730669021606,0
0.15114572644233704,0
0.16606850922107697,0
0.25535422563552856,0
0.34463992714881897,0
1.4160685539245605,0
0.07678279280662537,0
0.1356922686100006,0
1.4319885969161987,0
0.4134700298309326,0
0.043099675327539444,0
-0.049492914229631424,0
-0.19681452214717865,0
0.018702702596783638,0
1.613530158996582,0
-0.3261248469352722,0
-0.11060763150453568,0
-0.18082112073898315,0
-0.17505799233913422,0
-0.22884725034236908,0
-0.24757744371891022,0
1.6576189994812012,1
-0.5912091135978699,0
-0.8689869046211243,0
1.9087910652160645,0
-1.980098009109497,0
-0.5912091135978699,0
-0.21302974224090576,0
-0.21930523216724396,0
-0.22479629516601562,0
-0.1836133599281311,0
1.6594208478927612,1
0.6255636811256409,0
0.7261383533477783,0
0.3813107907772064,0
0.841080904006958,0
1.0997015237808228,0
-0.2066708654165268,0
-0.2531747817993164,0
-0.19795137643814087,0
-0.1792667806148529,0
1.6584678888320923,1
-0.1876714527606964,0
-0.1876714527606964,0
-0.1876714527606964,0
-0.2963671088218689,0
1.6601547002792358,0
0.3657667636871338,0
0.3102112114429474,0
1.0879889726638794,0
0.9768778681755066,0
0.1991000920534134,0
-0.14166299998760223,0
-0.23410764336585999,0
-0.1713365912437439,0
-0.23524893820285797,0
1.650165319442749,1
0.9206002354621887,0
0.6933274865150452,0
0.6933274865150452,0
-0.21576336026191711,0
0.6933274865150452,0
0.3780975639820099,0
1.4852404594421387,0
-0.1040453240275383,0
-0.0504738949239254,0
-0.1754738986492157,0
1.2252050638198853,0
-0.12896154820919037,0
0.75645512342453,0
0.33978843688964844,0
-0.18104487657546997,0
-0.20428261160850525,0
-0.13400578498840332,0
-0.22782713174819946,0
-0.24495042860507965,0
1.653950810432434,1
-0.17309974133968353,0
-0.2139417976140976,0
-0.22957846522331238,0
-0.2258443385362625,0
1.6594246625900269,1
-0.26214849948883057,0
-0.22483506798744202,0
0.017702260985970497,0
-0.05692461133003235,0
1.6035231351852417,0
0.2954151928424835,0
0.24333186447620392,0
0.6079152226448059,0
1.1808319091796875,0
0.7641652226448059,0
-1.004794955253601,0
0.2452050745487213,0
-0.13941031694412231,0
-0.13941031694412231,0
1.495205044746399,0
0.3289939761161804,0
1.3072547912597656,0
0.4066337049007416,0
0.499801367521286,0
0.4532175660133362,0
-0.22323612868785858,0
0.0040365890599787235,0
0.515400230884552,0
-0.109599769115448,0
1.4244911670684814,0
1.15883469581604,0
-0.71616530418396,0
-0.09116530418395996,0
-0.63804030418396,0
0.92445969581604,0
0.2041749656200409,0
1.4541749954223633,0
0.2041749656200409,0
-1.0458250045776367,0
-1.0458250045776367,0
-0.42220258712768555,0
0.41113072633743286,0
-0.21386925876140594,0
1.5048807859420776,0
-0.21386925876140594,0
0.09494727849960327,0
-0.058113943785429,0
1.166375756263733,0
0.8602533340454102,0
0.35004931688308716,0
0.6590299010276794,0
1.124868392944336,0
0.565862238407135,0
0.8608932495117188,0
0.4261106550693512,0
0.9250850677490234,0
0.14730726182460785,0
0.9250850677490234,0
0.14730726182460785,0
0.8139739632606506,0
-0.16619955003261566,0
-0.1889268159866333,0
-0.20289462804794312,0
-0.26728856563568115,0
1.6562436819076538,1
-0.16682295501232147,0
-0.1665746420621872,0
-0.2082909643650055,0
-0.2701205313205719,0
1.6540453433990479,1
0.8498018980026245,0
0.2027430534362793,0
1.173331379890442,0
0.4380371868610382,0
0.2615665793418884,0
0.7233896255493164,0
0.0477139987051487,0
0.3179842531681061,0
0.18284912407398224,0
1.2639302015304565,0
-0.22658738493919373,0
-0.21328769624233246,0
-0.22624637186527252,0
-0.13007940351963043,0
1.652078628540039,1
-0.5584664344787598,0
-0.9156093001365662,0
-0.5584664344787598,0
1.9415336847305298,0
-1.2727521657943726,0
-0.20925046503543854,0
-0.23400507867336273,0
-0.2055910974740982,0
-0.202146977186203,0
1.6609063148498535,1
1.1196262836456299,0
0.8923535943031311,0
0.4378081262111664,0
-0.016737308353185654,0
0.21053540706634521,0
0.5687426328659058,0
0.99977707862854,0
0.6118460893630981,0
0.5256391763687134,0
1.0428805351257324,0
-0.09368115663528442,0
0.46187442541122437,0
-0.09368115663528442,0
1.4340966939926147,0
-0.6492367386817932,0
-0.215059295296669,0
-0.15118339657783508,0
-0.22561022639274597,0
-0.2324540615081787,0
1.6564475297927856,1
-0.2150329351425171,0
-0.23867443203926086,0
-0.22491295635700226,0
-0.15187132358551025,0
1.657232403755188,1
0.19250255823135376,0
0.8565651178359985,0
0.34875255823135376,0
0.8175026178359985,0
1.0128151178359985,0
0.409776508808136,0
0.6389431953430176,0
0.1597764939069748,0
1.2847765684127808,0
0.284776508808136,0
0.9356935024261475,0
1.0547410249710083,0
0.6975982189178467,0
0.8166458606719971,0
0.8166458606719971,0
-0.26352763175964355,0
-0.15227538347244263,0
-0.19014348089694977,0
-0.2155456840991974,0
1.6555145978927612,1
0.3278997242450714,0
1.123354196548462,0
0.5551724433898926,0
0.3278997242450714,0
0.8960815072059631,0
-0.22713981568813324,0
-0.20296606421470642,0
-0.21234692633152008,0
-0.21884135901927948,0
1.6623822450637817,1
0.012275055050849915,0
0.20758755505084991,0
1.340399980545044,0
0.16852505505084991,0
0.5982125401496887,0
0.032702334225177765,0
0.058744002133607864,0
0.5535356402397156,0
0.006660670042037964,0
1.386868953704834,0
-0.2299061417579651,0
-0.2209121435880661,0
-0.1079874187707901,0
-0.21724791824817657,0
1.6485083103179932,1
0.9019002318382263,0
0.5447573661804199,0
0.5447573661804199,0
1.0804716348648071,0
0.18761450052261353,0
-0.24564503133296967,0
-0.25076746940612793,0
-0.11220583319664001,0
-0.17700451612472534,0
1.6491403579711914,1
-0.19405294954776764,0
-0.18693597614765167,0
-0.23718614876270294,0
-0.22510884702205658,0
1.6595962047576904,1
-0.16815724968910217,0
-0.16226179897785187,0
-0.23529992997646332,0
-0.23628249764442444,0
1.6532104015350342,1
0.1275031715631485,0
-0.2950320541858673,0
1.465531349182129,0
0.3739820420742035,0
-0.2598207890987396,0
-0.08589096367359161,0
-0.009555088356137276,0
1.536246418952942,0
0.16220062971115112,0
-0.08589096367359161,0
1.4472304582595825,0
-0.24919825792312622,0
0.19723032414913177,0
0.37580177187919617,0
-0.24919825792312622,0
-0.179306298494339,0
-0.25175195932388306,0
-0.16868926584720612,0
-0.1861761510372162,0
1.651196002960205,1
0.4062063694000244,0
1.0527580976486206,0
1.0096546411514282,0
0.19068914651870728,0
0.27689602971076965,0
0.7295801639556885,0
1.1339919567108154,0
0.4354625642299652,0
0.582521378993988,0
0.8031095862388611,0
1.0283873081207275,0
0.6712443828582764,0
0.31410154700279236,0
0.07600628584623337,0
0.9093396663665771,0
0.36350852251052856,0
0.08125044405460358,0
0.5651214122772217,0
1.0893150568008423,0
0.8877021074295044,0
0.3630208373069763,0
0.7603718638420105,0
1.1577228307724,0
0.4292459785938263,0
0.7107029557228088,0
1.6960405111312866,0
-2.053959608078003,0
0.44604048132896423,0
-2.053959608078003,0
-3.303959369659424,0
0.1728491336107254,0
1.1576976776123047,0
0.8546673655509949,0
0.1728491336107254,0
0.4758794605731964,0
1.6536765098571777,1
-0.19338645040988922,0
-0.1582922637462616,0
-0.22986595332622528,0
-0.22063063085079193,0
1.6420124769210815,1
-0.1411043256521225,0
-0.12162379920482635,0
-0.21902640163898468,0
-0.248896524310112,0
0.6900138258934021,0
0.47262251377105713,0
0.6718978881835938,0
0.9255210757255554,0
1.070448637008667,0
1.6599624156951904,1
-0.22502490878105164,0
-0.16194669902324677,0
-0.247102290391922,0
-0.21556317806243896,0
0.22864380478858948,0
-0.18312089145183563,0
1.4051142930984497,0
0.4639379382133484,0
-0.18312089145183563,0
1.660388469696045,1
-0.2172110229730606,0
-0.20443621277809143,0
-0.2216673493385315,0
-0.20324786007404327,0
-0.2665254473686218,0
1.6520791053771973,0
-0.3828045129776001,0
-0.20838592946529388,0
-0.03396732732653618,0
0.015848278999328613,0
0.6408482789993286,0
0.07834827899932861,0
1.3283482789993286,0
0.2033482789993286,0
1.5946457386016846,1
-0.11421484500169754,0
-0.029826665297150612,0
-0.0720207542181015,0
-0.16695746779441833,0
0.26785892248153687,0
0.19093583524227142,0
0.26785892248153687,0
0.1524742990732193,0
1.4217051267623901,0
1.4436376094818115,0
0.026970824226737022,0
0.026970824226737022,0
0.15197083353996277,0
0.36030417680740356,0
1.6176033020019531,1
-0.02032756619155407,0
-0.19274134933948517,0
-0.27894824743270874,0
-0.1065344586968422,0
1.5925456285476685,1
-0.24339178204536438,0
-0.09527981281280518,0
-0.21572251617908478,0
0.08375664055347443,0
0.8256475925445557,0
0.6072009801864624,0
1.1411815881729126,0
0.6314728260040283,0
0.7042883634567261,0
1.6505403518676758,1
-0.22843047976493835,0
-0.12519031763076782,0
-0.23319540917873383,0
-0.19984090328216553,0
1.6566256284713745,1
-0.22274816036224365,0
-0.21618764102458954,0
-0.16064178943634033,0
-0.2236229032278061,0
0.05297017842531204,0
0.20448534190654755,0
0.280242919921875,0
1.0378186702728271,0
1.0378186702728271,0
0.24227333068847656,0
0.8944472074508667,0
0.4053167998790741,0
0.5683602690696716,0
1.1118385791778564,0
1.62950599193573,1
-0.16213849186897278,0
-0.09920329600572586,0
-0.14740897715091705,0
-0.2250736802816391,0
1.6535993814468384,1
-0.22448208928108215,0
-0.15388594567775726,0
-0.20543234050273895,0
-0.2177586555480957,0
1.6564024686813354,1
-0.21962383389472961,0
-0.1670786738395691,0
-0.20156143605709076,0
-0.23276013135910034,0
1.5644183158874512,1
-0.16238582134246826,0
-0.11943050473928452,0
0.0781639963388443,0
-0.0077466536313295364,0
1.6559360027313232,1
-0.17908094823360443,0
-0.1838909387588501,0
-0.1923084557056427,0
-0.26686352491378784,0
1.658834457397461,1
-0.19712257385253906,0
-0.21372413635253906,0
-0.22202491760253906,0
-0.20249366760253906,0
1.3812073469161987,0
0.6119765639305115,0
-0.06110035628080368,0
-0.1572542041540146,0
-0.4457157552242279,0
1.6544958353042603,1
-0.2059217095375061,0
-0.18033841252326965,0
-0.18954838812351227,0
-0.22945834696292877,0
0.19173678755760193,0
1.2681256532669067,0
0.6084034442901611,0
0.5389590263366699,0
0.22645901143550873,0
1.5625860691070557,1
0.07081656157970428,0
0.03480833023786545,0
-0.15552090108394623,0
-0.17095299065113068,0
1.658449649810791,1
-0.21977390348911285,0
-0.17918172478675842,0
-0.1987614780664444,0
-0.23744343221187592,0
0.8807222247123718,0
1.0567785501480103,0
0.5990320444107056,0
0.7398771643638611,0
0.3173419237136841,0
0.22702519595623016,0
0.27166804671287537,0
0.8966681361198425,0
1.1645252704620361,0
0.22702519595623016,0
1.6125437021255493,1
-0.24881872534751892,0
-0.10911674797534943,0
-0.14370961487293243,0
-0.035939525812864304,0
0.6938138008117676,0
0.6938138008117676,0
0.4438137710094452,0
1.1938138008117676,0
0.4438137710094452,0
0.6275098323822021,0
0.7062500715255737,0
1.0999507904052734,0
0.4109744131565094,0
0.8637303709983826,0
0.23454789817333221,0
1.0037786960601807,0
0.0422402061522007,0
1.0037786960601807,0
0.5230094194412231,0
1.6366761922836304,1
-0.19992677867412567,0
-0.16766038537025452,0
-0.1095808744430542,0
-0.20508939027786255,0
1.6518151760101318,1
-0.23373650014400482,0
-0.10515384376049042,0
-0.22490257024765015,0
-0.24060732126235962,0
-0.19495868682861328,0
-0.13940313458442688,0
0.02726353518664837,0
-0.02829202078282833,0
1.5828191041946411,0
0.13113674521446228,0
1.4734185934066772,0
0.21502935886383057,0
0.09757969528436661,0
0.047244127839803696,0
0.9021252989768982,0
0.5663043856620789,0
0.640931248664856,0
1.0886924266815186,0
0.34242379665374756,0
0.023321107029914856,0
0.18461143970489502,0
-0.37990471720695496,0
-0.2992595434188843,0
1.5555791854858398,0
0.1086074560880661,0
-0.19627059996128082,0
-0.07431937754154205,0
1.5720220804214478,0
-0.13529498875141144,0
0.8956969976425171,1
0.6340690851211548,0
0.1689527928829193,0
0.1689527928829193,0
1.070115566253662,0
0.18949653208255768,0
0.06654570996761322,0
0.5788407921791077,0
0.06654570996761322,0
1.3575292825698853,0
1.6555591821670532,1
-0.22513629496097565,0
-0.15260514616966248,0
-0.2074684500694275,0
-0.23211044073104858,0
-0.032674163579940796,0
-0.01664852350950241,0
1.2013001441955566,0
0.0795053169131279,0
0.8807873129844666,0
0.8543775677680969,1
1.0315428972244263,0
0.48036184906959534,0
0.5000469088554382,0
0.8937476873397827,0
0.6970940232276917,1
0.205290749669075,0
0.3692251741886139,0
1.270864486694336,0
0.205290749669075,0
0.44297298789024353,0
0.44297298789024353,0
0.6849084496498108,0
1.0074890851974487,0
1.0074890851974487,0
0.9279650449752808,0
1.1605231761932373,0
0.07525185495615005,0
0.07525185495615005,0
-0.060407061129808426,0
0.4259692430496216,0
1.2782419919967651,0
0.5964238047599792,0
0.3123328685760498,0
-0.02857619896531105,0
1.6475543975830078,1
-0.19695787131786346,0
-0.14904846251010895,0
-0.1642923653125763,0
-0.25248923897743225,0
0.1620827317237854,0
0.1985790878534317,0
0.8555134534835815,0
0.6912798285484314,0
1.0744915008544922,0
0.5563112497329712,1
0.8063112497329712,0
0.9313112497329712,0
0.18131127953529358,0
0.9313112497329712,0
1.657873511314392,1
-0.20533403754234314,0
-0.2385673224925995,0
-0.21069425344467163,0
-0.1763889342546463,0
1.6437264680862427,1
-0.1418648213148117,0
-0.22976554930210114,0
-0.2357979416847229,0
-0.13238532841205597,0
1.6383148431777954,1
-0.15124914050102234,0
-0.2602643370628357,0
-0.23209185898303986,0
-0.07653086632490158,0
0.05583886802196503,0
0.8764495253562927,0
0.09400680661201477,0
-0.0014130395138636231,0
1.200877070426941,0
0.6361233592033386,0
1.2293436527252197,0
0.3818860352039337,0
0.6361233592033386,0
0.42425891757011414,0
1.6008567810058594,1
-0.1032448559999466,0
-0.0739479809999466,0
-0.030002668499946594,0
-0.2546120285987854,0
1.6455082893371582,1
-0.20824676752090454,0
-0.17860250174999237,0
-0.22405704855918884,0
-0.13413609564304352,0
1.360540747642517,0
0.11054068803787231,0
0.4676835536956787,0
0.3783978521823883,0
0.11054068803787231,0
0.7097076177597046,0
0.3292728066444397,0
0.8727511167526245,0
1.0901424884796143,0
0.38362064957618713,0
0.9963697195053101,0
0.5201792120933533,0
0.6987506151199341,0
0.04398868605494499,0
0.8773220777511597,0
1.1748133897781372,0
0.6087757349014282,0
0.7502851486206055,0
0.1842474341392517,0
0.13707762956619263,0
