0.34281376004219055,0
1.0059235095977783,0
1.0567365884780884,0
0.06080158054828644,0
0.2335658073425293,0
1.5443992614746094,1
0.03179715573787689,0
-0.08843445032835007,0
0.08459006994962692,0
-0.06288949400186539,0
1.1848517656326294,0
-0.06849358975887299,0
-0.06849358975887299,0
0.9194636344909668,0
-0.1309378445148468,0
1.0272318124771118,1
1.0419996976852417,0
0.19178883731365204,0
0.16647237539291382,0
0.36689430475234985,0
0.3364887535572052,0
1.3233308792114258,0
0.5228922963142395,0
0.3913133144378662,0
0.16105015575885773,0
0.13419900834560394,0
1.192418098449707,0
-0.05415715277194977,0
-0.03018455021083355,0
0.8841989636421204,0
0.7377816438674927,0
0.3633122742176056,0
0.7408137917518616,0
1.121347427368164,0
0.6922995448112488,0
0.08763904869556427,0
0.21078214049339294,0
0.8949103355407715,0
1.0864663124084473,0
0.5782567262649536,0
0.8695846796035767,0
1.0393199920654297,0
0.2107815146446228,0
0.7688941955566406,0
0.3747631013393402,0
1.0179873704910278,0
0.5800662636756897,0
0.6931557655334473,0
1.0131750106811523,0
0.5656293034553528,0
0.9928594827651978,0
0.24082693457603455,0
0.7748254537582397,0
0.5087500810623169,0
0.9244928359985352,0
1.3069126605987549,1
0.6057867407798767,0
0.31151852011680603,0
0.10425138473510742,0
0.3268716633319855,0
0.47867846488952637,0
-0.10351331532001495,0
0.09340449422597885,0
1.420459270477295,0
-0.017896873876452446,0
0.3648725152015686,0
0.791766881942749,0
1.087924838066101,0
0.8184477686882019,0
0.5729835033416748,0
0.7615467309951782,0
0.42077845335006714,0
0.9753013253211975,0
1.0062803030014038,0
0.5477920770645142,0
1.1743465662002563,0
0.7129590511322021,0
0.562435507774353,0
0.6933255791664124,0
0.3661004304885864,0
1.4979321956634521,1
-0.07689009606838226,0
0.0964488759636879,0
-0.008157426491379738,0
0.22276023030281067,0
1.5330172777175903,1
0.10955511033535004,0
-0.06876084953546524,0
0.011455786414444447,0
0.0027699084021151066,0
0.5464893579483032,0
0.06483802199363708,0
0.041902244091033936,0
1.3492417335510254,0
0.31713157892227173,0
0.12871840596199036,0
0.16273200511932373,0
0.5708953142166138,0
0.3129587769508362,0
1.3362014293670654,0
1.1435918807983398,0
0.7175905108451843,0
0.7651125192642212,0
0.6378213167190552,0
0.4188803732395172,0
1.4405864477157593,1
-0.02154533378779888,0
0.43076881766319275,0
-0.1267346739768982,0
0.08364400267601013,0
0.4527454376220703,0
0.4774706959724426,0
-0.00055128667736426,0
0.07911904156208038,0
1.3373607397079468,0
0.646285355091095,0
1.1562081575393677,0
0.4230218231678009,0
0.16668221354484558,0
0.7537825107574463,0
1.3876748085021973,0
-0.02732996828854084,0
0.04389509931206703,0
0.29793116450309753,0
0.45462632179260254,0
-0.018664028495550156,0
-0.02683396264910698,0
1.4069894552230835,0
-0.07993853837251663,0
0.5409764647483826,0
0.3048236668109894,0
0.6948046684265137,0
0.47762012481689453,0
1.2496556043624878,0
0.2937266528606415,0
-0.24754126369953156,0
-0.16240194439888,0
-0.05404280498623848,0
1.6293938159942627,0
-0.18949173390865326,0
1.459213137626648,1
0.05116721987724304,0
0.319366455078125,0
-0.06856457889080048,0
0.14216338098049164,0
0.7332949042320251,0
0.7364043593406677,0
0.9913794994354248,0
1.034911870956421,0
0.6773247718811035,0
0.4533976912498474,0
0.7750157117843628,0
0.8247504830360413,0
0.6854931712150574,0
1.0966336727142334,0
1.5923388004302979,1
0.01616976037621498,0
-0.10901878029108047,0
-0.20668092370033264,0
-0.09393582493066788,0
1.0524307489395142,0
0.8119868636131287,0
0.6886823177337646,0
0.3835035562515259,0
0.8366478085517883,0
0.3254719376564026,0
0.8824667930603027,0
0.7529330849647522,0
1.0638139247894287,0
0.4938657283782959,0
0.3660859763622284,0
0.34197798371315,0
-0.07267969846725464,0
1.4075517654418945,0
-0.03410688787698746,0
0.3661474287509918,0
0.9481067657470703,0
1.1105703115463257,0
0.1212395578622818,0
0.1988341212272644,0
1.330315351486206,1
0.29720285534858704,0
0.588593602180481,0
0.1415737271308899,0
0.1879313439130783,0
1.531223177909851,1
-0.1342390924692154,0
0.06610246747732162,0
0.004357855301350355,0
0.09927377104759216,0
1.5389600992202759,0
-0.046642985194921494,0
-0.12203208357095718,0
0.1819562315940857,0
-0.0806896761059761,0
1.5568839311599731,1
-0.10706596076488495,0
-0.021491387858986855,0
-0.0017956539522856474,0
0.02435213141143322,0
0.5723534226417542,0
0.5324761271476746,0
0.7073227167129517,0
1.029408574104309,0
0.9941325783729553,0
0.7437025308609009,0
0.20516496896743774,0
0.09152860939502716,0
1.25753653049469,0
0.29409778118133545,0
1.38126802444458,0
0.41341570019721985,0
0.12613800168037415,0
-0.0004009867843706161,0
0.3586961627006531,0
1.0028506517410278,0
0.3245646357536316,0
0.5665717720985413,0
0.8685255646705627,0
0.8629749417304993,0
1.1166672706604004,0
0.45840394496917725,0
0.3341042399406433,0
0.9048325419425964,0
0.11001461744308472,0
1.3527768850326538,1
0.03816002979874611,0
0.23423847556114197,0
0.5216716527938843,0
0.28102990984916687,0
1.6290571689605713,1
-0.09005125612020493,0
-0.22934983670711517,0
-0.22238491475582123,0
-0.10398111492395401,0
0.1691765934228897,0
0.17795880138874054,0
0.2745630145072937,0
0.8966355323791504,0
1.1659563779830933,0
1.061933159828186,0
0.85638827085495,0
0.8085871338844299,0
0.865948498249054,0
0.6221626400947571,0
-0.04495815187692642,0
-0.21246233582496643,0
-0.18733669817447662,0
1.5253934860229492,0
0.28167498111724854,0
1.248810887336731,0
0.23856505751609802,0
0.047991298139095306,0
0.7713518738746643,0
0.1873355507850647,0
0.39422014355659485,0
0.5927572250366211,0
0.8409286141395569,0
1.0969369411468506,0
0.7547217011451721,0
0.8798912167549133,1
1.1367160081863403,0
0.5548194050788879,0
0.4650205373764038,0
0.5440435409545898,0
0.6375051140785217,0
-0.012552144937217236,0
1.3133355379104614,0
0.10199539363384247,0
0.29099881649017334,0
0.9473958015441895,0
0.7257645726203918,0
0.4243461489677429,0
0.6016510725021362,0
1.0426971912384033,0
1.1542648077011108,0
0.6158674955368042,0
0.8015936613082886,0
0.4405753016471863,0
0.2465018630027771,0
-0.18388712406158447,0
0.08733929693698883,0
0.00715061416849494,0
-0.07539656013250351,0
1.5566788911819458,0
1.5637450218200684,1
-0.1056949570775032,0
-0.09248039126396179,0
0.07686182111501694,0
-0.05675211921334267,0
0.8898898363113403,0
0.819467306137085,0
0.5377771854400635,0
0.6786222457885742,0
1.0659462213516235,0
-0.1723187118768692,0
0.044906895607709885,0
1.4854557514190674,0
0.31167519092559814,0
-0.008446763269603252,0
1.1180795431137085,1
0.8473519086837769,0
0.3101269006729126,0
0.39472928643226624,0
0.6760321259498596,0
0.23665137588977814,0
0.5222318768501282,0
0.17813077569007874,0
1.1425502300262451,0
0.8616513609886169,0
0.6028183102607727,0
0.7687376141548157,0
1.1566299200057983,0
0.26425328850746155,0
0.580396831035614,0
0.4177274703979492,0
0.6339137554168701,0
0.9775944948196411,0
0.19599796831607819,0
1.010853886604309,0
0.5776621699333191,0
1.2096397876739502,0
0.09919328987598419,0
0.6912985444068909,0
0.31649789214134216,0
0.3032901883125305,0
0.7095401883125305,0
0.9009464383125305,0
0.5337589383125305,0
1.0611026287078857,0
1.584043264389038,0
0.03461366519331932,0
-0.028757691383361816,0
-0.24738886952400208,0
-0.1301518678665161,0
0.37053701281547546,0
0.7083748579025269,0
1.1306720972061157,0
0.5732396841049194,0
0.8040955662727356,0
0.6534645557403564,0
1.0861010551452637,0
0.563452959060669,0
0.23824968934059143,0
0.8625237941741943,0
0.3605203330516815,0
1.2633438110351562,0
0.6609143018722534,0
0.4622931480407715,0
0.26367202401161194,0
0.1902151256799698,0
-0.19225704669952393,0
1.492140293121338,0
0.23834075033664703,0
-0.2099875509738922,0
0.3404914438724518,0
0.0007573047769255936,0
1.3966214656829834,0
0.38849735260009766,0
0.07091978937387466,0
0.2304823398590088,0
1.0247334241867065,0
0.8431903719902039,0
0.8053688406944275,0
0.5633113980293274,0
0.05662202090024948,0
0.533230185508728,0
0.16480915248394012,0
1.2759202718734741,0
0.5770898461341858,0
1.2838484048843384,0
0.08902342617511749,0
0.6103324294090271,0
0.012919921427965164,0
0.46193060278892517,0
1.3693065643310547,0
0.3299807906150818,0
0.020992029458284378,0
0.46051615476608276,0
0.18126963078975677,0
-0.18282915651798248,0
-0.08818916231393814,0
-0.07174524664878845,0
-0.1532650887966156,0
1.6106072664260864,1
-0.12347030639648438,0
-0.19887830317020416,0
0.040288835763931274,0
-0.07226040214300156,0
1.58558988571167,1
1.2140872478485107,0
0.23774094879627228,0
0.5837399363517761,0
0.6768451929092407,0
0.06662872433662415,0
0.31122854351997375,0
0.6993404626846313,0
1.0734663009643555,0
0.47906070947647095,0
0.8986411094665527,0
-0.11418504267930984,0
0.22001349925994873,0
-0.09796181321144104,0
0.4698512554168701,0
1.4043093919754028,0
0.9584153294563293,0
1.0952427387237549,0
0.45748770236968994,0
0.30906471610069275,0
0.3624042272567749,0
1.3840187788009644,0
0.09993782639503479,0
0.3857777714729309,0
0.26484549045562744,0
0.3088208734989166,0
1.1283247470855713,0
0.9256219863891602,0
0.3850814998149872,0
0.18237879872322083,0
0.24994637072086334,0
0.42957380414009094,0
0.21675054728984833,0
1.2673970460891724,0
0.49692294001579285,0
0.6019876003265381,0
0.9583708643913269,0
0.951704204082489,0
0.7750375270843506,0
0.5117042064666748,0
0.8783708810806274,0
0.6330425143241882,0
0.17457206547260284,0
0.8715293407440186,0
0.5014635324478149,0
1.081233263015747,0
0.6355265378952026,0
0.7916023135185242,0
0.5658498406410217,0
1.1344116926193237,0
0.24254995584487915,0
0.6112882494926453,0
0.907680094242096,0
0.9656697511672974,0
0.9656697511672974,0
0.5790717601776123,0
0.6602420806884766,0
0.5060132145881653,0
0.8741724491119385,0
0.2373565286397934,0
1.0856152772903442,0
-0.21896067261695862,0
-0.26835426688194275,0
0.02996342070400715,0
-0.1844014674425125,0
1.620012879371643,1
1.229503870010376,0
0.23893782496452332,0
0.1279500275850296,0
0.23061375319957733,0
0.8022009134292603,0
-0.11725565791130066,0
-0.1324424296617508,0
-0.22695580124855042,0
-0.07428034394979477,0
1.61710524559021,1
-0.26576077938079834,0
-0.10280239582061768,0
-0.24770866334438324,0
-0.12838847935199738,0
1.6417477130889893,1
0.6133517026901245,0
0.6921244859695435,0
1.0859885215759277,0
0.2609470784664154,0
0.833086371421814,0
0.22242242097854614,0
0.255934476852417,0
0.16210070252418518,0
1.2445403337478638,0
0.7753714919090271,0
-0.07893265038728714,0
-0.2223752737045288,0
0.2284443974494934,0
-0.22749821841716766,0
1.5501656532287598,0
-0.045846372842788696,0
1.4102706909179688,0
0.5492334365844727,0
-0.16220276057720184,0
-0.05581977590918541,0
1.0449838638305664,0
0.3073745369911194,0
0.9137884974479675,0
0.6980450749397278,0
0.22719959914684296,0
0.4550282657146454,0
1.0846993923187256,0
0.7670611143112183,0
0.1784961223602295,0
0.7820088267326355,0
0.00586218386888504,0
-0.24858935177326202,0
-0.05990318953990936,0
-0.07400885224342346,0
1.5873452425003052,1
0.8621419072151184,0
1.089604377746582,0
0.7285860180854797,0
0.5052972435951233,0
0.33417871594429016,0
0.2796306312084198,0
0.7609665989875793,0
0.8837563991546631,0
0.6234420537948608,0
1.026192545890808,0
1.2978706359863281,0
0.5595665574073792,0
0.3329583704471588,0
0.2562039792537689,0
0.471847265958786,0
0.3151129484176636,0
0.6258596181869507,0
0.5902532339096069,0
0.6247806549072266,0
1.2095885276794434,0
0.6359051465988159,0
0.9668574929237366,0
0.9882860779762268,0
0.4001908302307129,0
0.7835241556167603,0
-0.22085687518119812,0
0.10646019876003265,0
-0.17110078036785126,0
-0.15646663308143616,0
1.5888992547988892,1
-0.2601267695426941,0
-0.18738418817520142,0
-0.22164833545684814,0
0.05081574618816376,0
1.6150563955307007,1
-0.23435181379318237,0
0.14170752465724945,0
1.5664957761764526,0
-0.06221197545528412,0
-0.1522543579339981,0
0.18852515518665314,0
0.921963632106781,0
0.8904178738594055,0
0.12543368339538574,0
0.85887211561203,0
-0.04955383390188217,0
-0.2168699949979782,0
-0.10419632494449615,0
-0.18764261901378632,0
1.6168303489685059,1
0.038982637226581573,0
0.07237958163022995,0
1.5513873100280762,0
-0.05166621506214142,0
-0.18525400757789612,0
0.9165298342704773,0
0.6262072920799255,0
0.4839785397052765,0
1.0924829244613647,0
0.6569990515708923,0
0.5594138503074646,0
0.5738925933837891,0
0.9069041609764099,0
0.9310354590415955,0
0.9889504909515381,0
0.7258444428443909,0
0.37997063994407654,0
0.34356287121772766,0
0.19793181121349335,0
1.247689127922058,0
-0.015855638310313225,0
-0.19623896479606628,0
1.5991387367248535,0
-0.1765095293521881,0
-0.05249600112438202,0
0.5450348854064941,0
0.6818962693214417,0
0.9487758278846741,0
1.0742319822311401,0
0.5632830858230591,0
1.110971450805664,0
0.1592537760734558,0
0.7488545179367065,0
0.5120857357978821,0
0.7233206033706665,0
1.0650780200958252,0
0.2282492071390152,0
0.45475926995277405,0
0.9308498501777649,0
0.6099606156349182,0
1.0537400245666504,0
0.19106392562389374,0
0.8718151450157166,0
0.5646945834159851,0
0.682065486907959,0
0.7643721103668213,0
1.1700325012207031,0
0.6322966814041138,0
0.5662589073181152,0
0.35871174931526184,0
-0.15096789598464966,0
-0.14409975707530975,0
0.055076051503419876,0
0.47403207421302795,0
1.435570478439331,0
-0.08648381382226944,0
-0.11980980634689331,0
-0.2504116892814636,0
-0.2593686580657959,0
1.637060523033142,1
0.8337430953979492,0
0.744195282459259,0
0.7588752508163452,0
0.25388404726982117,0
1.0069668292999268,0
0.2771965265274048,0
0.38196951150894165,0
0.26555508375167847,0
0.3033897578716278,0
1.3744025230407715,0
1.3383232355117798,0
0.2362620085477829,0
0.3060758411884308,0
0.254546582698822,0
0.5387886166572571,0
1.0137382745742798,0
0.22606709599494934,0
0.5599711537361145,0
0.9880533814430237,0
0.08908078819513321,0
-0.1581783890724182,0
-0.23162497580051422,0
-0.24758142232894897,0
-0.11382884532213211,0
1.6446657180786133,1
1.2014837265014648,0
0.8669112324714661,0
0.049067359417676926,0
-0.025282083079218864,0
0.15594467520713806,0
0.7024010419845581,0
0.3494947850704193,0
1.1561377048492432,0
0.7646786570549011,0
0.3643227815628052,0
-0.1930803805589676,0
-0.011457695625722408,0
-0.24655011296272278,0
-0.1009613573551178,0
1.6123944520950317,1
0.3177169859409332,0
0.3469344675540924,0
-0.07989479601383209,0
-0.04686634615063667,0
1.4203592538833618,0
-0.24742764234542847,0
-0.12200958281755447,0
-0.08960992097854614,0
-0.14207647740840912,0
1.623600721359253,1
0.22963333129882812,0
1.0629667043685913,0
0.9240778088569641,0
0.5074111223220825,0
-0.04814446344971657,0
1.2728488445281982,0
0.5328487753868103,0
0.49284881353378296,0
0.33284881711006165,0
0.5328487753868103,0
1.6508233547210693,1
-0.1571536511182785,0
-0.26671895384788513,0
-0.14222648739814758,0
-0.2276098132133484,0
1.6556274890899658,1
-0.1785062700510025,0
-0.17424534261226654,0
-0.21607986092567444,0
-0.24861782789230347,0
1.6548597812652588,1
-0.2250693142414093,0
-0.2582992613315582,0
-0.15927401185035706,0
-0.17367365956306458,0
1.4133530855178833,0
0.4959218502044678,0
0.1289493590593338,0
-0.12334421277046204,0
-0.16921576857566833,0
0.020978417247533798,0
0.5806799530982971,0
0.26351574063301086,0
1.3456053733825684,0
-0.09096188843250275,0
1.5060758590698242,0
-0.18747277557849884,0
0.054462727159261703,0
0.1351078897714615,0
0.1351078897714615,0
1.6560947895050049,1
-0.1587200164794922,0
-0.26242372393608093,0
-0.20739726722240448,0
-0.19549250602722168,0
1.4377543926239014,0
0.2630556523799896,0
0.05221228674054146,0
0.05221228674054146,0
0.29317614436149597,0
1.6518962383270264,1
-0.23438437283039093,0
-0.23644877970218658,0
-0.23055046796798706,0
-0.10403164476156235,0
0.221925750374794,0
-0.129636749625206,0
0.026613250374794006,0
1.4719257354736328,0
0.221925750374794,0
1.6606732606887817,1
-0.21665774285793304,0
-0.19043396413326263,0
-0.2355971336364746,0
-0.2073337286710739,0
0.4461839497089386,0
0.35359135270118713,0
1.2980358600616455,0
0.13136912882328033,0
0.5572950839996338,0
0.6010102033615112,0
1.2260102033615112,0
0.44476020336151123,0
0.6530935168266296,0
0.2624685764312744,0
0.7772206664085388,0
0.32924380898475647,0
0.4882033169269562,0
1.0228854417800903,0
0.921729326248169,0
0.7142261862754822,0
1.0475594997406006,0
0.44755953550338745,0
0.9475595355033875,0
0.4142262041568756,0
0.7840611934661865,0
0.6971046924591064,0
1.1318873167037964,0
0.2623220682144165,0
0.5014525055885315,0
1.677526831626892,0
-0.19222116470336914,0
-0.23423796892166138,0
-0.3602883815765381,0
-0.21322956681251526,0
0.32515037059783936,0
-0.07807547599077225,0
-0.561946451663971,0
-0.642591655254364,0
1.5348278284072876,0
1.336445689201355,0
0.28381407260894775,0
0.086445651948452,0
0.18512986600399017,0
0.5798667669296265,0
0.40418124198913574,0
0.3041812479496002,0
1.4041813611984253,0
0.004181242082268,0
-0.09581875801086426,0
0.5016887784004211,0
0.23383162915706635,0
0.8141887187957764,0
1.1713316440582275,0
0.09990304708480835,0
0.6025139093399048,0
1.250662088394165,0
0.5099213123321533,0
0.5099213123321533,0
0.5099213123321533,0
1.6569279432296753,1
-0.24686378240585327,0
-0.16809368133544922,0
-0.23572732508182526,0
-0.1781436651945114,0
0.9256088733673096,0
0.38989460468292236,0
1.1041803359985352,0
0.5684660077095032,0
0.38989460468292236,0
1.6582410335540771,1
-0.18522588908672333,0
-0.19411981105804443,0
-0.2046308070421219,0
-0.25071749091148376,0
0.09599117934703827,0
0.9141730070114136,0
0.45962756872177124,0
0.4141730070114136,0
1.0959911346435547,0
1.223143458366394,0
-0.20542800426483154,0
0.15171486139297485,0
0.24100057780742645,0
0.7767148613929749,0
1.6586557626724243,1
-0.16865800321102142,0
-0.22396273910999298,0
-0.22358651459217072,0
-0.22095295786857605,0
0.6464465856552124,0
0.1464466154575348,0
0.6464465856552124,0
0.6464465856552124,0
1.1464465856552124,0
1.4537043571472168,0
0.22643154859542847,0
0.2946133613586426,0
-0.046295732259750366,0
-0.000841184111777693,0
0.13689246773719788,0
0.25052881240844727,0
0.25052881240844727,0
0.5914378762245178,0
1.3300741910934448,0
0.19914312660694122,0
-0.06681432574987411,0
0.03956865891814232,0
1.422547459602356,0
0.4119091033935547,0
1.6510801315307617,1
-0.2321569323539734,0
-0.13294176757335663,0
-0.2558501064777374,0
-0.1729239970445633,0
1.1579424142837524,0
0.5447349548339844,0
0.8041688799858093,0
0.5683198571205139,0
0.28530099987983704,0
-2.041475534439087,0
-4.541475296020508,0
2.958524465560913,0
-9.541475296020508,0
-4.541475296020508,0
-0.05883762240409851,0
0.3875909745693207,0
1.4768767356872559,0
-0.1838376224040985,0
-0.04098047688603401,0
0.38480114936828613,0
1.1467058658599854,0
0.33718210458755493,0
0.7895630598068237,0
0.6943249702453613,0
0.5254631042480469,0
-0.07453689724206924,0
-0.17453689873218536,0
1.425463080406189,0
-0.07453689724206924,0
0.5396056175231934,0
0.19869652390480042,0
1.3350601196289062,0
0.14187833666801453,0
0.3691510558128357,0
-0.19709134101867676,0
0.28677964210510254,0
0.04484415426850319,0
-0.03580101206898689,0
1.4964572191238403,0
1.086987018585205,0
0.8466023802757263,0
0.7023715972900391,0
0.6302562355995178,0
0.31775620579719543,0
0.6786713600158691,0
0.7648782134056091,0
1.0234988927841187,0
-0.35581132769584656,0
-0.1833975613117218,0
0.3291047215461731,0
0.8201761245727539,0
0.9764261245727539,0
0.7308903932571411,0
0.8871403932571411,0
0.954439103603363,0
0.8022651672363281,0
0.889221727848053,0
0.693569540977478,0
0.23704782128334045,0
-0.1876714527606964,0
1.442763328552246,0
-0.8398453593254089,0
0.355806827545166,0
0.02971986122429371,0
1.6598960161209106,1
-0.22283819317817688,0
-0.18664859235286713,0
-0.24180853366851807,0
-0.19452859461307526,0
0.9191184043884277,0
0.13083010911941528,0
1.1218210458755493,0
0.42362290620803833,0
0.24344271421432495,0
0.7851662635803223,0
0.34614187479019165,0
1.1144345998764038,0
0.6510199308395386,0
0.7241906523704529,0
1.6612606048583984,1
-0.21046143770217896,0
-0.20740199089050293,0
-0.22313626110553741,0
-0.211772620677948,0
1.2639669179916382,0
0.4306336045265198,0
-0.40269970893859863,0
-2.069366216659546,0
-0.40269970893859863,0
1.643507957458496,1
-0.13889126479625702,0
-0.10350432991981506,0
-0.2540438175201416,0
-0.25839468836784363,0
0.22665061056613922,0
0.4349839687347412,0
0.6433172821998596,0
0.851650595664978,0
1.1120672225952148,0
1.6509093046188354,1
-0.18930025398731232,0
-0.22832012176513672,0
-0.2515137493610382,0
-0.123539499938488,0
1.3299509286880493,0
0.5690813660621643,0
0.13429875671863556,0
0.35169005393981934,0
0.025603098794817924,0
1.6599525213241577,1
-0.22132478654384613,0
-0.2138296514749527,0
-0.20745879411697388,0
-0.2007131725549698,0
1.659371256828308,1
-0.20177888870239258,0
-0.24096384644508362,0
-0.22069576382637024,0
-0.17880840599536896,0
-0.6023727059364319,0
-0.3038652241230011,0
1.7110604047775269,0
-0.11729803681373596,0
-0.3784920871257782,0
-2.053959608078003,0
0.44604048132896423,0
1.6960405111312866,0
-2.053959608078003,0
-3.303959369659424,0
1.6584893465042114,1
-0.22217302024364471,0
-0.24365068972110748,0
-0.17531266808509827,0
-0.19561882317066193,0
1.4465768337249756,0
-0.12088336050510406,0
-0.14072462916374207,0
-0.04151828587055206,0
0.47435471415519714,0
0.09735330194234848,0
-0.7359800338745117,0
0.09735330194234848,0
1.2640199661254883,0
0.5973533391952515,0
1.5483794212341309,0
-0.37022513151168823,0
-0.19580651819705963,0
0.26930972933769226,0
-0.1376669853925705,0
0.08044004440307617,0
0.5396236777305603,0
0.48860329389572144,0
1.3049298524856567,0
0.1824808567762375,0
0.11294630914926529,0
0.8802729845046997,0
0.8060155510902405,0
0.3109661042690277,0
0.9792828559875488,0
1.6498888731002808,1
-0.13209904730319977,0
-0.2702554166316986,0
-0.16305525600910187,0
-0.22324785590171814,0
0.3876275420188904,0
0.3876275420188904,0
-0.11237245798110962,0
1.3876276016235352,0
-0.11237245798110962,0
inf,0
-inf,0
-inf,0
-inf,0
-inf,0
-0.16896292567253113,0
-0.24285785853862762,0
-0.19113139808177948,0
-0.23378893733024597,0
1.6582574844360352,1
-0.22291533648967743,0
-0.13271574676036835,0
-0.2455185502767563,0
-0.22014324367046356,0
1.6552832126617432,1
-0.1793828308582306,0
1.3723411560058594,0
0.07923783361911774,0
-0.35179662704467773,0
0.5964791774749756,0
-0.22676533460617065,0
-0.2257699817419052,0
-0.11727628111839294,0
-0.2207932025194168,0
1.6508060693740845,1
-0.20071817934513092,0
-0.19763556122779846,0
-0.20148883759975433,0
-0.2400215119123459,0
1.6592541933059692,1
-0.1982162445783615,0
-0.18893150985240936,0
-0.22263164818286896,0
-0.23397965729236603,0
1.659761667251587,1
-0.4204951524734497,0
0.3295048475265503,0
1.4545048475265503,0
0.2045048475265503,0
-0.5454951524734497,0
-0.2243000715970993,0
-0.15654347836971283,0
-0.23435427248477936,0
-0.21992868185043335,0
1.6580219268798828,1
-0.15267284214496613,0
-0.2353234440088272,0
-0.2083354890346527,0
-0.23797404766082764,0
1.6576886177062988,1
-0.21084162592887878,0
-0.18538758158683777,0
-0.2596858739852905,0
-0.16130942106246948,0
1.6552151441574097,1
-0.3517381548881531,0
-0.11918000876903534,0
-0.0029009440913796425,0
0.5784943699836731,0
1.392447829246521,0
-0.2485075443983078,0
-0.2097058892250061,0
-0.1524057537317276,0
-0.21421770751476288,0
1.6563833951950073,1
0.7201356291770935,0
0.29705873131752014,0
0.8355202674865723,0
1.1047509908676147,0
0.450904905796051,0
1.0458250045776367,0
1.0458250045776367,0
2.2958250045776367,0
3.5458250045776367,0
2.2958250045776367,0
-0.3483315110206604,0
1.5516685247421265,0
-0.048331499099731445,0
0.1516685038805008,0
-0.048331499099731445,0
-0.1704370230436325,0
-0.24294182658195496,0
-0.2480398267507553,0
-0.10897786170244217,0
1.6469979286193848,1
0.3629831075668335,0
0.8595584034919739,0
0.8766816854476929,0
0.44859954714775085,0
1.0136679410934448,0
-0.48600226640701294,0
-0.08600225299596786,0
-0.5860022902488708,0
0.11399774998426437,0
1.6139976978302002,0
-0.18858322501182556,0
-0.23164299130439758,0
-0.21222388744354248,0
-0.21264603734016418,0
1.6600321531295776,1
0.9180975556373596,0
0.009006649255752563,0
1.1129027605056763,0
0.009006649255752563,0
0.3986170291900635,0
0.22610825300216675,0
1.0155819654464722,0
0.3905819356441498,0
1.0484766960144043,0
0.1603187769651413,0
1.895950436592102,0
-0.604049563407898,0
-1.854049563407898,0
-0.604049563407898,0
-3.1040496826171875,0
0.6030691266059875,0
0.34883180260658264,0
0.8573063611984253,0
1.1115436553955078,0
0.645442008972168,0
1.0,0
1.0,0
1.0,0
1.0,0
1.0,0
-2.515552282333374,0
-1.6822190284729004,0
1.6511142253875732,0
0.40111422538757324,0
-1.2655524015426636,0
-0.3281029462814331,0
-0.15418989956378937,0
-0.0672333762049675,0
1.5632014274597168,0
0.1718970686197281,0
0.4967184066772461,0
-0.2927553057670593,0
0.10198154300451279,0
-0.16117635369300842,0
1.4177711009979248,0
-0.24593624472618103,0
-0.22581101953983307,0
-0.20143714547157288,0
-0.1643172800540924,0
1.65835702419281,1
-0.2075105905532837,0
-0.2020799070596695,0
-0.2093995213508606,0
-0.23159445822238922,0
1.6608781814575195,1
1.4455645084381104,0
0.46730363368988037,0
-0.18487028777599335,0
-0.07617463171482086,0
-0.021826807409524918,0
-0.21575386822223663,0
-0.22314198315143585,0
-0.19464494287967682,0
-0.21399478614330292,0
1.6604775190353394,1
1.1483639478683472,0
0.8358639478683472,0
0.622795820236206,0
0.5517730712890625,0
0.622795820236206,0
0.068410225212574,0
0.8457211256027222,0
0.3205110728740692,0
0.4255530834197998,0
1.1608471870422363,0
0.22659866511821747,0
0.22659866511821747,0
-0.03655923157930374,0
1.4108092784881592,0
0.35817763209342957,0
0.6051155924797058,0
1.0217822790145874,0
0.6051155924797058,0
0.6051155924797058,0
1.0217822790145874,0
0.22546812891960144,0
0.861831784248352,0
-0.024531885981559753,0
0.24819539487361908,0
1.180013656616211,0
1.2639669179916382,0
-0.40269970893859863,0
-2.069366216659546,0
0.4306336045265198,0
-0.40269970893859863,0
-0.4191271960735321,0
-0.1066271960735321,0
0.4402478039264679,0
-0.028502196073532104,0
1.4558727741241455,0
0.6490999460220337,0
0.5888590216636658,0
0.9503047466278076,0
0.22741322219371796,0
1.0105456113815308,0
0.19346663355827332,0
-0.10065098851919174,0
0.1199372336268425,0
1.075819492340088,0
1.00229012966156,0
-0.2422139197587967,0
-0.20316775143146515,0
-0.19514934718608856,0
-0.20421363413333893,0
1.6598918437957764,1
0.40221866965293884,0
-0.0010071647120639682,0
0.11996058374643326,0
0.24092833697795868,0
1.4102832078933716,0
-0.5149493217468262,0
1.7767174243927002,0
-0.5149493217468262,0
-0.5149493217468262,0
-0.23717153072357178,0
0.6306954622268677,0
0.7315019369125366,0
1.1347277164459229,0
0.8121470808982849,0
0.5097277164459229,0
0.03786902129650116,0
0.6774038672447205,0
0.15414808690547943,0
0.4448457360267639,0
1.2587993144989014,0
-0.20833508670330048,0
-0.10240288078784943,0
1.4865801334381104,0
0.4060716927051544,0
-0.16596220433712006,0
0.44369247555732727,0
0.7057892680168152,0
1.1896603107452393,0
0.5848215222358704,0
0.6654666662216187,0
0.3551618158817291,0
1.4265904426574707,0
-0.21626678109169006,0
-0.07340963184833527,0
0.2837332487106323,0
-0.1299169510602951,0
-0.23149064183235168,0
-0.24114729464054108,0
-0.20752783119678497,0
1.6537024974822998,1
-0.22414252161979675,0
-0.22930780053138733,0
-0.170019268989563,0
-0.2225704789161682,0
1.659840703010559,1
-0.42357853055000305,0
1.4420931339263916,0
-0.27432480454444885,0
0.5092573761940002,0
-0.05044417828321457,0
-1.8505637645721436,0
-1.1687456369400024,0
-3.214200019836426,0
1.3312543630599976,0
0.6494361758232117,0
0.6413623094558716,0
0.8568795323371887,0
0.7275691628456116,0
0.2103278636932373,0
1.0292932987213135,0
-0.14871597290039062,0
-0.24225817620754242,0
-0.22986102104187012,0
-0.16252189874649048,0
1.6502809524536133,1
0.22025573253631592,0
-0.07044193148612976,0
0.04583713412284851,0
1.4993255138397217,0
0.04583713412284851,0
-0.2471388578414917,0
-0.1742860972881317,0
-0.16150492429733276,0
-0.1889844685792923,0
1.6492695808410645,1
0.7829527258872986,0
0.4739639461040497,0
0.7267729043960571,0
0.5863234996795654,0
1.1481212377548218,0
1.1662734746932983,0
0.8267673254013062,0
0.4255327880382538,0
0.4255327880382538,0
0.5798537135124207,0
0.705025315284729,0
0.347882479429245,0
0.09278044104576111,0
0.24584165215492249,0
1.2662497758865356,0
2.5795376300811768,0
2.5795376300811768,0
2.5795376300811768,0
0.9128709435462952,0
0.9128709435462952,0
-0.1973371058702469,0
-0.22936102747917175,0
-0.21690727770328522,0
-0.20623263716697693,0
1.6607614755630493,1
0.13725276291370392,0
0.8515385389328003,0
1.089633822441101,0
0.6134432554244995,0
0.018205132335424423,0
0.4785201847553253,0
0.8799800276756287,0
1.0442136526107788,0
0.8434836864471436,0
0.6792501211166382,0
-1.019712209701538,0
-2.269712209701538,0
2.105287790298462,0
-1.332212209701538,0
-0.7072122097015381,0
1.6492033004760742,0
-0.044345319271087646,0
-0.366925984621048,0
-0.12499048560857773,0
-0.366925984621048,0
1.2930681705474854,0
-0.3245789110660553,0
0.557774007320404,0
-0.03046126663684845,0
0.41071516275405884,0
0.36911696195602417,0
0.8283005356788635,0
0.11401492357254028,0
0.5731985569000244,0
1.134423017501831,0
1.64821457862854,1
-0.22186416387557983,0
-0.23592491447925568,0
-0.15296652913093567,0
-0.1557786762714386,0
0.3993723690509796,0
0.8330457806587219,0
0.9350866079330444,0
0.9861069917678833,0
0.3993723690509796,0
1.2807074785232544,1
0.4638758897781372,0
0.6247669458389282,0
0.09258878976106644,0
0.15446996688842773,0
0.21869005262851715,0
0.48417678475379944,0
1.0372741222381592,0
0.48417678475379944,0
0.9930263161659241,0
1.51869797706604,1
0.05776047706604004,0
0.03432297706604004,0
-0.09067702293395996,0
0.13588547706604004,0
0.7240009903907776,0
1.0365010499954224,0
0.30733436346054077,0
0.9323343634605408,0
0.4115010201931,0
-0.6464625000953674,0
1.8535374402999878,0
-0.4994036555290222,0
-0.6464625000953674,0
-0.4994036555290222,0
0.9292407631874084,0
0.3523176610469818,0
1.1215484142303467,0
0.3523176610469818,0
0.1600099503993988,0
0.24265208840370178,0
0.7426521182060242,0
0.8676521182060242,0
0.6176521182060242,0
1.0343188047409058,0
1.6591380834579468,1
-0.2154208868741989,0
-0.23438702523708344,0
-0.205276221036911,0
-0.18410472571849823,0
1.6230180263519287,1
-0.13100005686283112,0
-0.04714261740446091,0
-0.20786938071250916,0
-0.2200985848903656,0
1.6513632535934448,1
-0.1804339438676834,0
-0.16603301465511322,0
-0.19195467233657837,0
-0.24811826646327972,0
1.6582213640213013,1
-0.17339909076690674,0
-0.19084611535072327,0
-0.23969778418540955,0
-0.23145009577274323,0
1.4993257522583008,1
-0.015544181689620018,0
-0.08059994131326675,0
-0.08059994131326675,0
0.3004409372806549,0
1.6562037467956543,1
-0.16840127110481262,0
-0.23905795812606812,0
-0.17567475140094757,0
-0.2400970309972763,0
-0.07433538138866425,0
1.0923312902450562,0
0.008997957222163677,0
0.09233129024505615,0
1.008997917175293,0
1.1074751615524292,1
0.1779879480600357,0
0.893799901008606,0
0.5626033544540405,0
0.2634580433368683,0
1.4375640153884888,1
-0.1260402947664261,0
0.07713992148637772,0
0.4569985866546631,0
-0.1260402947664261,0
0.9916062355041504,1
1.0950545072555542,0
0.1467786282300949,0
0.095054492354393,0
0.21574415266513824,0
1.6570922136306763,1
-0.24134661257266998,0
-0.18534797430038452,0
-0.19722647964954376,0
-0.20104455947875977,0
1.2196699380874634,0
-0.030330102890729904,0
0.053003232926130295,0
0.8030032515525818,0
0.3030032515525818,0
0.7739999890327454,0
1.1456215381622314,0
0.7064324021339417,0
0.3010270595550537,0
0.36859461665153503,0
0.922272801399231,0
0.2523382008075714,0
1.0856715440750122,0
0.3830571472644806,0
0.595475435256958,0
1.077396035194397,0
0.577396035194397,0
-1.422603964805603,0
0.327396035194397,0
-1.422603964805603,0
1.5068851709365845,1
0.12390638887882233,0
-0.07556169480085373,0
0.17044894397258759,0
-0.02901914343237877,0
0.6777061223983765,0
0.8165950179100037,0
1.0943727493286133,0
0.7702987194061279,0
0.8628913164138794,0
1.0816154479980469,0
0.5212706923484802,0
0.39196035265922546,0
0.9523051381111145,0
0.5643741488456726,0
1.6297041177749634,1
-0.1435249149799347,0
-0.23667119443416595,0
-0.08602721989154816,0
-0.1757236272096634,0
0.36358919739723206,0
0.5085167288780212,0
1.2693861722946167,0
0.47228482365608215,0
0.5809804201126099,0
0.9937092661857605,1
0.49619683623313904,0
0.384256511926651,0
0.5086346864700317,0
1.0558983087539673,0
1.6592408418655396,1
-0.218252032995224,0
-0.22347520291805267,0
-0.21350368857383728,0
-0.18406400084495544,0
1.6256029605865479,1
-0.24089576303958893,0
-0.10991339385509491,0
-0.18925848603248596,0
-0.07968669384717941,0
0.18317429721355438,0
0.18317429721355438,0
0.3754819631576538,0
0.24727685749530792,0
1.4011229276657104,0
1.6609708070755005,1
-0.19818828999996185,0
-0.2087489664554596,0
-0.2303503453731537,0
-0.21402929723262787,0
0.8328614830970764,0
0.1575741320848465,0
0.11447067558765411,0
0.1575741320848465,0
1.220792531967163,0
0.7880799770355225,0
-1.2119200229644775,0
-1.4619200229644775,0
1.2880799770355225,0
-0.46192002296447754,0
0.4664458930492401,0
0.679860532283783,0
1.1066898107528687,0
0.5274215340614319,0
0.8932752013206482,0
1.6588480472564697,1
-0.20001599192619324,0
-0.18280430138111115,0
-0.23874233663082123,0
-0.21615196764469147,0
0.8106083273887634,0
0.33441784977912903,0
1.0487035512924194,0
0.6915607452392578,0
0.8106083273887634,0
0.19730503857135773,0
0.0502462200820446,0
-0.09681259095668793,0
-0.09681259095668793,0
1.5208344459533691,0
1.4673715829849243,1
-0.10857782512903214,0
-0.14655251801013947,0
-0.17819808423519135,0
0.44838422536849976,0
-1.7747548818588257,0
0.7252451181411743,0
1.2252451181411743,0
-0.2747548818588257,0
-1.2747548818588257,0
0.5035062432289124,0
0.5897131562232971,0
0.15867869555950165,0
1.106954574584961,0
0.8483338356018066,0
0.5144637823104858,0
0.8495153784751892,0
1.0557008981704712,0
0.8752885460853577,0
0.5402369499206543,0
1.6148772239685059,1
-0.07281512767076492,0
-0.17435358464717865,0
-0.26358434557914734,0
-0.05281512811779976,0
0.5807733535766602,0
0.8424012064933777,0
0.6098430752754211,0
0.8714709877967834,0
1.074959397315979,0
1.647167444229126,1
-0.19373299181461334,0
-0.22330185770988464,0
-0.23093253374099731,0
-0.11551857739686966,0
0.34160980582237244,0
0.7726442813873291,0
0.5140236020088196,0
0.4278167188167572,0
1.2036787271499634,0
1.0664113759994507,0
0.7732014656066895,0
0.38739901781082153,0
0.7114731073379517,0
0.834929883480072,0
1.6081359386444092,1
-0.24277685582637787,0
-0.060221072286367416,0
-0.1616409569978714,0
-0.045008089393377304,0
1.638974666595459,1
-0.06712281703948975,0
-0.2207813560962677,0
-0.20980574190616608,0
-0.2207813560962677,0
0.507463276386261,0
-0.2217033952474594,0
0.924129843711853,0
0.09079659730195999,0
1.0282964706420898,0
1.5231317281723022,1
0.18549330532550812,0
0.09324239194393158,0
-0.1235472708940506,0
-0.17889782786369324,0
1.6450839042663574,1
-0.17039228975772858,0
-0.18292361497879028,0
-0.23148252069950104,0
-0.15472812950611115,0
0.7295648455619812,0
0.36289817094802856,0
0.4962315261363983,0
1.229564905166626,0
0.3295648396015167,0
0.26001617312431335,0
1.3537662029266357,0
-0.5212337970733643,0
0.10376617312431335,0
0.41626617312431335,0
0.6379137635231018,0
0.3948582112789154,0
0.429580420255661,0
0.6379137635231018,0
1.228191614151001,0
1.6150044202804565,1
-0.18460017442703247,0
-0.16317631304264069,0
-0.19613610208034515,0
-0.009913284331560135,0
0.9330846667289734,0
0.7058119773864746,0
0.9330846667289734,0
0.9330846667289734,0
0.47853922843933105,0
0.9534780979156494,0
-0.09490901976823807,0
0.7921877503395081,0
0.4696071445941925,0
0.7921877503395081,0
1.6538900136947632,1
-0.2205689698457718,0
-0.21948671340942383,0
-0.15563389658927917,0
-0.20758195221424103,0
0.1761416643857956,0
0.9098373651504517,0
1.0185329914093018,0
0.7196199893951416,0
0.4750547409057617,0
1.6529277563095093,1
-0.17017163336277008,0
-0.21256929636001587,0
-0.20672135055065155,0
-0.2037973701953888,0
0.5642341375350952,0
1.2842341661453247,0
0.4642341136932373,0
0.44423410296440125,0
0.3642341196537018,0
