0.19732379913330078,0
0.30270496010780334,0
0.4170547425746918,0
1.2982207536697388,0
0.5986691117286682,0
0.708112895488739,0
0.08856665343046188,0
0.44633281230926514,0
0.22818270325660706,0
1.2447620630264282,0
0.9592059850692749,0
0.6548581719398499,0
0.5860176086425781,0
0.8650031089782715,0
1.0063074827194214,0
1.0578863620758057,0
0.9588467478752136,0
0.19354069232940674,0
0.4516439139842987,0
0.5296751260757446,0
1.137433409690857,0
0.41311174631118774,0
0.25565052032470703,0
0.14179392158985138,0
0.902452826499939,0
0.28051096200942993,0
0.559698760509491,0
-0.05261087045073509,0
-0.005022039171308279,0
1.3528459072113037,0
0.5055949091911316,0
0.6257621049880981,0
0.7198059558868408,0
1.200474739074707,0
0.5317181944847107,0
1.3698724508285522,1
0.21493986248970032,0
0.2947964370250702,0
0.40616104006767273,0
0.3148963749408722,0
1.431825041770935,1
-0.011103021912276745,0
0.398946613073349,0
0.11606819182634354,0
0.1055222898721695,0
0.5980093479156494,0
0.6764065623283386,0
1.2193797826766968,0
0.5196121335029602,0
0.5050941109657288,0
0.8767563700675964,0
1.027212381362915,0
0.390434205532074,0
0.847881019115448,0
0.5880025625228882,0
1.4406639337539673,1
0.06636175513267517,0
0.3651006519794464,0
0.007440938614308834,0
0.14957448840141296,0
0.6055225133895874,0
0.7437818050384521,0
1.1744253635406494,0
0.62138831615448,0
0.36073553562164307,0
0.23632770776748657,0
0.9080401659011841,0
0.6999039053916931,0
0.8607364296913147,0
0.886753499507904,0
0.2746173143386841,0
0.04512511193752289,0
1.075398564338684,0
0.2209063619375229,0
0.9972735643386841,0
0.9487418532371521,0
-0.04665510728955269,0
1.1443690061569214,0
0.06554281711578369,0
0.07992716878652573,0
1.1730811595916748,1
0.8570327758789062,0
0.2343984693288803,0
0.41797149181365967,0
0.3006361722946167,0
1.235438346862793,0
0.02035450004041195,0
0.7745444774627686,0
0.3248237669467926,0
0.07901371270418167,0
0.16622789204120636,0
0.3992253839969635,0
0.0024999240413308144,0
0.19771403074264526,0
1.4130792617797852,0
1.2085936069488525,0
0.4692036807537079,0
0.7079304456710815,0
0.30342116951942444,0
0.595198392868042,0
0.5964385867118835,0
0.7283481359481812,0
0.6027199625968933,0
0.320056676864624,0
1.1806094646453857,0
0.7994241118431091,0
0.27600428462028503,0
1.0773587226867676,0
0.8078891634941101,0
0.39310359954833984,0
1.3966915607452393,1
0.12557579576969147,0
0.2903307378292084,0
0.40816181898117065,0
0.08595118671655655,0
1.4242982864379883,1
0.09086032956838608,0
0.11753955483436584,0
0.4293202757835388,0
-0.03939705342054367,0
0.1133299171924591,0
0.24639442563056946,0
0.3633299171924591,0
1.3996202945709229,0
0.258491188287735,0
0.35003718733787537,0
0.29262590408325195,0
1.3912689685821533,0
0.19346097111701965,0
0.256091445684433,0
0.3391662836074829,0
0.3054584264755249,0
1.288604497909546,0
0.5105146169662476,0
0.5582674145698547,0
0.8572847247123718,0
0.5919447541236877,0
1.0231221914291382,0
0.3120940029621124,0
0.8324090838432312,0
1.4798754453659058,1
-0.09217676520347595,0
0.04050713777542114,0
0.30587494373321533,0
0.03798782080411911,0
-0.04034944996237755,0
0.05052291974425316,0
1.5468878746032715,0
0.07475555688142776,0
-0.17564831674098969,0
1.2112064361572266,0
0.3491375148296356,0
0.7370685338973999,0
0.5030784010887146,0
0.12746261060237885,0
0.9369995594024658,0
0.6715608239173889,0
0.5334243178367615,0
0.18131163716316223,0
1.0101306438446045,0
0.6215607523918152,0
0.4297002851963043,0
0.16080494225025177,0
1.0561537742614746,0
0.9195258617401123,0
0.5561955571174622,0
1.1707090139389038,0
0.4198700785636902,0
0.8015815019607544,0
0.5855579972267151,0
1.5387316942214966,1
-0.05868528038263321,0
-0.13433103263378143,0
0.13098260760307312,0
0.028768593445420265,0
1.4921579360961914,1
0.11030399799346924,0
0.15469041466712952,0
0.0861525610089302,0
0.013698249123990536,0
1.5756860971450806,1
-0.17984804511070251,0
-0.11104756593704224,0
-0.05645587667822838,0
0.06244929879903793,0
1.4546253681182861,1
0.360442578792572,0
-0.09835240244865417,0
0.12787103652954102,0
0.006102810613811016,0
-0.07231219112873077,0
0.17109552025794983,0
0.16602453589439392,0
1.5047670602798462,0
-0.12302213162183762,0
0.07846064865589142,0
1.25258207321167,0
-0.04933488368988037,0
0.09842869639396667,0
0.7973105311393738,0
1.416495442390442,0
0.1664954125881195,0
-0.06827615946531296,0
-0.027032503858208656,0
0.4583735764026642,0
0.5832582116127014,0
0.39792051911354065,0
0.402039110660553,0
0.4514625072479248,0
1.2834230661392212,0
1.5031101703643799,1
-0.07142408937215805,0
0.07246825844049454,0
0.19876225292682648,0
0.02588440291583538,0
1.5671614408493042,1
-0.04223077371716499,0
0.07517169415950775,0
-0.09665171056985855,0
-0.1541299968957901,0
0.0242057666182518,0
1.5228246450424194,0
0.18304555118083954,0
-0.1576542854309082,0
-0.008022597059607506,0
1.0635701417922974,0
0.32052838802337646,0
0.8722182512283325,0
0.7032321691513062,0
0.6609856486320496,0
0.24540649354457855,0
0.47381702065467834,0
0.7616768479347229,0
1.2122399806976318,0
0.40498095750808716,0
1.6060665845870972,1
-0.12438660860061646,0
-0.09563130140304565,0
-0.06482204794883728,0
-0.17470839619636536,0
0.3633797764778137,0
0.46937769651412964,0
1.0924386978149414,0
0.7718595862388611,0
0.8364924788475037,0
1.3619359731674194,0
0.27435800433158875,0
0.23277795314788818,0
0.3315305709838867,0
0.43548065423965454,0
1.3023850917816162,0
0.12150418758392334,0
0.7025725841522217,0
0.00669631315395236,0
0.13556230068206787,0
1.0710618495941162,0
0.30621761083602905,0
0.4320322275161743,0
0.6094399094581604,0
0.9443421363830566,0
1.4505012035369873,1
-0.13565696775913239,0
0.3890605568885803,0
0.09598144888877869,0
0.011235684156417847,0
0.35719043016433716,0
0.5830631256103516,0
1.2863484621047974,0
0.46499329805374146,0
0.15441834926605225,0
0.8725681304931641,0
0.4719747304916382,0
0.9615889191627502,0
0.5127758979797363,0
0.9615889191627502,0
1.0182673931121826,1
0.7455839514732361,0
0.856587827205658,0
0.9048503637313843,0
0.5090974569320679,0
1.2558131217956543,0
0.19256611168384552,0
0.35690873861312866,0
0.7204545140266418,0
0.02573343925178051,0
0.24216099083423615,0
0.6442411541938782,0
1.0678839683532715,0
0.9207504987716675,0
0.3550478518009186,0
0.6408600807189941,0
1.0685179233551025,0
0.7407801747322083,0
0.4320271909236908,0
0.900652289390564,0
1.58365797996521,1
-0.09234777092933655,0
0.008945333771407604,0
-0.047807540744543076,0
-0.19364087283611298,0
0.9919136762619019,0
0.6001757979393005,0
0.6429108381271362,0
0.6619042158126831,0
1.0441454648971558,0
0.09049926698207855,0
1.1858913898468018,0
0.33302152156829834,0
0.6664896011352539,0
0.6604265570640564,0
1.0068720579147339,0
0.7632996439933777,0
0.2896866798400879,0
0.9256812334060669,0
0.5704715251922607,0
1.514086127281189,1
0.15514884889125824,0
-0.06730598956346512,0
-0.03132065013051033,0
0.09953514486551285,0
1.1970751285552979,0
0.20259995758533478,0
0.5893402695655823,0
0.7366699576377869,0
0.3177012503147125,0
1.5132267475128174,1
0.06682056933641434,0
0.18157465755939484,0
-0.15827400982379913,0
0.01700972020626068,0
0.2502736747264862,0
0.9827765226364136,0
1.0984349250793457,0
0.14647771418094635,0
0.08123453706502914,0
1.4611117839813232,0
-0.15804018080234528,0
0.4121352732181549,0
0.042983219027519226,0
-0.12514543533325195,0
1.0357078313827515,0
0.7884719967842102,0
0.7377963066101074,0
0.7608307003974915,0
0.2525383532047272,0
0.10750434547662735,0
0.036416467279195786,0
0.31618165969848633,0
0.880298376083374,0
1.1678602695465088,1
0.4835854470729828,0
0.9360395073890686,0
1.0932481288909912,0
0.5832787156105042,0
0.3915609121322632,0
0.39407262206077576,0
0.17454196512699127,0
0.6382058262825012,0
1.2362375259399414,0
0.5719680786132812,0
0.13973763585090637,0
1.0731887817382812,0
0.5814337134361267,0
0.8906210064888,0
0.5107623338699341,0
-0.17791874706745148,0
-0.2100318968296051,0
-0.15861372649669647,0
-0.1708649843931198,0
1.6425073146820068,1
0.7917423844337463,0
0.6813744902610779,0
0.9205048680305481,0
0.25662532448768616,0
0.948932945728302,0
1.2039393186569214,0
0.585400402545929,0
0.2184121012687683,0
0.6543183922767639,0
0.5612791180610657,0
1.3536595106124878,0
0.16448678076267242,0
0.249644935131073,0
0.4716643989086151,0
0.3591339886188507,0
0.4258486330509186,0
0.9975259304046631,0
0.8901550769805908,0
0.881449282169342,0
0.4302015006542206,0
0.17672249674797058,0
1.063066840171814,0
0.7831686735153198,0
0.3145511746406555,0
0.8107343912124634,0
0.23260299861431122,0
0.22959819436073303,0
1.3203433752059937,0
0.2175789624452591,0
0.6172183752059937,0
0.8813940286636353,0
0.32917100191116333,0
0.18626344203948975,0
1.0684088468551636,0
0.6873220205307007,0
1.2591873407363892,0
0.046867676079273224,0
0.09273923188447952,0
0.7709829807281494,0
0.1975885033607483,0
0.6992360353469849,0
1.2150429487228394,0
0.47183728218078613,0
0.5799903273582458,0
0.5383930206298828,0
-0.13551487028598785,0
-0.2514632046222687,0
-0.2561857998371124,0
-0.11792720854282379,0
1.6449649333953857,1
1.3914098739624023,0
0.3621492087841034,0
0.174777552485466,0
0.3441820740699768,0
0.13627652823925018,0
-0.06815582513809204,0
-0.057354800403118134,0
-0.1817125678062439,0
-0.048305291682481766,0
1.5905317068099976,1
-0.056082531809806824,0
0.04046807810664177,0
-0.23242036998271942,0
-0.03190458193421364,0
1.5727053880691528,1
0.05437646806240082,0
-0.21594296395778656,0
0.10728301852941513,0
-0.17229504883289337,0
1.5552692413330078,1
0.8230217695236206,0
0.9792717695236206,0
0.9304436445236206,0
0.9030998945236206,0
1.0066155195236206,0
-0.18442431092262268,0
0.0874091237783432,0
-0.15405994653701782,0
-0.11357410997152328,0
1.5832159519195557,1
0.6912888288497925,0
0.5198602676391602,0
1.1103365421295166,0
0.8222412467002869,0
0.7770031690597534,0
0.1832195669412613,0
-0.16934454441070557,0
1.50419020652771,0
0.1900877058506012,0
-0.16476579010486603,0
0.6200746297836304,0
1.2999461889266968,0
0.036562852561473846,0
0.3898819088935852,0
-0.0009103811462409794,0
0.07212765514850616,0
-0.05091971158981323,0
-0.24184459447860718,0
-0.18512502312660217,0
1.5852694511413574,1
0.6334443092346191,0
0.6113854646682739,0
1.162856101989746,0
0.7584443092346191,0
0.35035601258277893,0
0.5687578916549683,0
0.8693907856941223,0
1.1383781433105469,0
0.33669042587280273,0
0.4474498927593231,0
0.3621216118335724,0
1.0573878288269043,0
1.0130090713500977,0
0.3177429139614105,0
0.3621216118335724,0
-0.1733088493347168,0
-0.03956080228090286,0
-0.20472408831119537,0
-0.22074276208877563,0
1.6271576881408691,1
0.5102969408035278,0
1.3105556964874268,0
0.46284225583076477,0
0.3614617586135864,0
0.23635391891002655,0
0.11088000237941742,0
-0.08305428177118301,0
-0.1489073485136032,0
0.22929470241069794,0
1.5040651559829712,1
-0.05793255195021629,0
-0.021005883812904358,0
-0.223778635263443,0
-0.2620009779930115,0
1.6115413904190063,1
-0.237710639834404,0
-0.19692085683345795,0
-0.21512001752853394,0
-0.19776536524295807,0
1.6603232622146606,1
-0.22814533114433289,0
-0.14328357577323914,0
-0.20556116104125977,0
0.3131905496120453,0
1.5293142795562744,1
0.5618869066238403,0
0.9507758021354675,0
1.0804054737091064,0
0.31188690662384033,0
0.36744245886802673,0
-0.17752942442893982,0
-0.14691202342510223,0
-0.16765134036540985,0
-0.2833327054977417,0
1.6481385231018066,1
-0.20359504222869873,0
-0.18055851757526398,0
0.1226666048169136,0
0.020073654130101204,0
1.5581642389297485,1
0.006707015447318554,0
0.428719162940979,0
0.6380372047424316,0
-0.0034212758764624596,0
1.2794957160949707,0
1.242087483406067,0
0.5211572647094727,0
0.6723200678825378,0
0.428134024143219,0
0.4397619366645813,0
1.0921416282653809,0
0.19807957112789154,0
0.20145338773727417,0
0.8542873859405518,0
0.6670404076576233,0
0.24160021543502808,0
1.376286506652832,0
0.14012420177459717,0
-0.016702355816960335,0
0.49990278482437134,0
-0.16214604675769806,0
-0.1456480771303177,0
-0.18300199508666992,0
-0.2817230820655823,0
1.6477404832839966,1
-0.03278103843331337,0
1.4815046787261963,0
0.15531420707702637,0
0.18626658618450165,0
0.09340944141149521,0
-0.13339173793792725,0
-0.2587326169013977,0
-0.20906825363636017,0
-0.2047678679227829,0
1.6530567407608032,1
0.9623537063598633,0
0.7316755056381226,0
0.7533631920814514,0
0.9485524892807007,0
0.3334105610847473,0
1.3286397457122803,0
0.26013854146003723,0
0.4972579777240753,0
0.10498631745576859,0
0.4357825517654419,0
1.2818901538848877,0
-0.02580222114920616,0
0.051120854914188385,0
0.27547982335090637,0
0.7081721425056458,0
-0.1156090646982193,0
1.58716881275177,0
-0.24338684976100922,0
-0.07116462290287018,0
0.04272427037358284,0
0.005647556856274605,0
0.051129668951034546,0
0.06856448203325272,0
-0.026947958394885063,0
1.530056357383728,1
-0.2018166482448578,0
-0.1695060431957245,0
-0.2720802426338196,0
-0.15188691020011902,0
1.6514921188354492,1
1.1666274070739746,0
0.7354159355163574,0
0.5300771594047546,0
0.7251490354537964,0
0.6173461675643921,0
0.41729456186294556,0
0.9604493379592896,0
0.9120862483978271,0
0.37265169620513916,0
0.8897647857666016,0
0.32212015986442566,0
0.28720396757125854,0
0.6759376525878906,0
0.8900903463363647,0
1.0832933187484741,0
0.37243354320526123,0
1.3634694814682007,0
0.46207496523857117,0
0.12840962409973145,0
0.02880803309381008,0
0.49139028787612915,0
0.4412948787212372,0
0.9541765451431274,0
0.2743101418018341,0
1.085378885269165,0
0.33671629428863525,0
0.5270388722419739,0
0.7076840400695801,0
0.6463937163352966,0
1.1915550231933594,0
1.0059292316436768,0
0.20893916487693787,0
0.20279665291309357,0
0.5344919562339783,0
1.0212855339050293,0
0.16812826693058014,0
-0.04556180164217949,0
0.02914285659790039,0
0.6476279497146606,0
1.3321311473846436,0
-0.23890259861946106,0
-0.18693099915981293,0
-0.2518124282360077,0
-0.1286943256855011,0
1.652768850326538,1
1.2897189855575562,0
0.2646001875400543,0
0.6753265857696533,0
0.27987512946128845,0
0.19840875267982483,0
-0.18584242463111877,0
-0.07780124247074127,0
-0.21789060533046722,0
-0.20575113594532013,0
1.6358047723770142,1
0.8976384997367859,0
0.811760663986206,0
1.0312262773513794,0
0.8690125346183777,0
0.964432418346405,0
0.05544532462954521,0
1.2932701110839844,0
0.17719857394695282,0
0.6236271262168884,0
0.40852975845336914,0
0.8180853724479675,0
0.9855308532714844,0
0.940748929977417,0
0.7947208881378174,0
0.4890355169773102,0
0.9664017558097839,0
0.31163981556892395,0
0.7878302931785583,0
0.9664017558097839,0
0.5497350096702576,0
1.6619369983673096,1
-0.20691734552383423,0
-0.21547994017601013,0
-0.2243187427520752,0
-0.2110605388879776,0
-0.14363643527030945,0
-0.03725346177816391,0
0.33508697152137756,0
-0.30321091413497925,0
1.5052998065948486,0
1.6566882133483887,1
-0.2621510922908783,0
-0.18879012763500214,0
-0.17133620381355286,0
-0.20460772514343262,0
-0.9189410209655762,0
1.9071459770202637,0
-1.245028018951416,0
-0.48415839672088623,0
-0.48415839672088623,0
1.0361281633377075,0
0.2296765148639679,0
0.9070958495140076,0
0.34257975220680237,0
0.7296764850616455,0
1.0802408456802368,0
0.19788794219493866,0
1.006711483001709,0
0.19788794219493866,0
0.19788794219493866,0
0.9117094874382019,0
0.6736142039299011,0
1.030757188796997,0
0.6736142039299011,0
0.9117094874382019,0
-0.23057807981967926,0
0.3754825294017792,0
1.3603310585021973,0
-0.0033053485676646233,0
0.4512401223182678,0
0.6150408983230591,0
1.350334882736206,0
0.1003350168466568,0
0.026805609464645386,0
0.1003350168466568,0
1.4316837787628174,0
-0.11436896026134491,0
-0.14726369082927704,0
0.5106310844421387,0
-0.04857948049902916,0
2.8504385948181152,0
7.850438117980957,0
5.350438117980957,0
2.8504385948181152,0
0.35043865442276,0
1.658868432044983,1
-0.22506016492843628,0
-0.21219252049922943,0
-0.1622975468635559,0
-0.24134168028831482,0
1.5129871368408203,0
0.1894576996564865,0
0.042398884892463684,0
-0.2517187297344208,0
0.042398884892463684,0
1.526510238647461,0
-0.22348982095718384,0
-0.22348982095718384,0
0.15151017904281616,0
0.15151017904281616,0
0.529029130935669,0
0.654029130935669,0
1.091529130935669,0
0.716529130935669,0
0.904029130935669,0
0.8313542604446411,0
0.4424653649330139,0
1.1646876335144043,0
0.16468758881092072,0
0.4424653649330139,0
1.0028724670410156,0
0.7159872651100159,0
0.4905773997306824,0
0.7979544401168823,0
0.9618889093399048,0
0.7345796823501587,0
0.6325388550758362,0
1.0024367570877075,0
0.7600898742675781,0
1.015191912651062,0
0.9557743072509766,0
0.3579481542110443,0
1.0101221799850464,0
0.14055682718753815,0
0.6568611860275269,0
0.48397108912467957,0
1.265221118927002,0
0.09334608912467957,0
0.640221118927002,0
0.24959608912467957,0
-0.18092460930347443,0
0.22723866999149323,0
-0.11289739608764648,0
0.21023187041282654,0
1.4857420921325684,0
1.6607255935668945,1
-0.2314491868019104,0
-0.18726694583892822,0
-0.2053995430469513,0
-0.22659680247306824,0
2.8504385948181152,0
7.850438117980957,0
0.35043865442276,0
5.350438117980957,0
2.8504385948181152,0
0.1636980175971985,0
-0.08630198240280151,0
-0.08630198240280151,0
0.9136980175971985,0
1.1636979579925537,0
0.69098299741745,0
-0.55901700258255,0
0.69098299741745,0
0.69098299741745,0
0.69098299741745,0
1.3073155879974365,0
-0.0051844120025634766,0
-0.13018441200256348,0
0.5573155879974365,0
0.4323155879974365,0
0.1946071833372116,0
-0.04732832312583923,0
0.9607362747192383,0
1.081704020500183,0
0.3558975160121918,0
0.594999372959137,0
0.12624938786029816,0
0.12624938786029816,0
1.3241660594940186,0
0.33458271622657776,0
1.1057895421981812,0
0.2327737659215927,0
0.9470593929290771,0
0.4311864376068115,0
0.2724562883377075,0
-0.6246898770332336,0
-0.4776310622692108,0
0.1596238613128662,0
-0.8207682967185974,0
1.6792316436767578,0
0.08122996240854263,0
1.5812299251556396,0
0.009801387786865234,0
-0.27591291069984436,0
-0.27591291069984436,0
0.2643132507801056,0
0.5229339599609375,0
0.20684199035167694,0
0.4079914093017578,0
1.3275315761566162,0
0.5112957954406738,0
1.2643078565597534,0
0.17997054755687714,0
0.6317777037620544,0
0.30045247077941895,0
1.0723061561584473,0
0.2768515944480896,0
0.9586697816848755,0
0.5041242837905884,0
0.16321523487567902,0
1.657531976699829,1
-0.22839339077472687,0
-0.17115870118141174,0
-0.2543322741985321,0
-0.1793350875377655,0
-0.7987620234489441,0
-0.3820953667163849,0
0.24290461838245392,0
0.8679046034812927,0
1.0762379169464111,0
0.9808075428009033,0
0.6683075428009033,0
0.7129504084587097,0
0.4897361397743225,0
1.0254504680633545,0
0.5726132988929749,0
0.22050058841705322,0
0.6078245639801025,0
0.4669794738292694,0
1.2416273355484009,0
-0.5239973664283752,0
0.5871137976646423,0
1.4204471111297607,0
-0.31566402316093445,0
-0.17677512764930725,0
-0.05392357334494591,0
0.35305315256118774,0
1.1088670492172241,0
0.062355492264032364,0
0.9344484210014343,0
1.6599364280700684,1
-0.21276143193244934,0
-0.223075270652771,0
-0.19250211119651794,0
-0.21533989906311035,0
0.411161333322525,0
0.9414644241333008,0
0.03237345069646835,0
0.03237345069646835,0
1.0929795503616333,0
0.25082868337631226,0
0.07225726544857025,0
0.38475728034973145,0
0.11690012365579605,0
1.4115430116653442,0
0.11079473048448563,0
1.4243539571762085,0
0.40740489959716797,0
-0.037510354071855545,0
0.15316762030124664,0
1.652692198753357,1
-0.250898152589798,0
-0.15736977756023407,0
-0.15049922466278076,0
-0.2462438941001892,0
0.701854407787323,0
1.3268544673919678,0
-0.048145592212677,0
-0.298145592212677,0
-0.048145592212677,0
1.6541904211044312,1
-0.21328561007976532,0
-0.12224427610635757,0
-0.2381150722503662,0
-0.2431311160326004,0
1.6463823318481445,1
-0.15080435574054718,0
-0.11624775826931,0
-0.26201823353767395,0
-0.23938608169555664,0
-1.8708287477493286,0
1.1291712522506714,0
1.1291712522506714,0
-2.870828628540039,0
-1.8708287477493286,0
1.1366385221481323,0
0.08400694280862808,0
0.21558590233325958,0
0.8734806180000305,0
0.4787437915802002,0
1.6538290977478027,1
-0.18047869205474854,0
-0.2642524242401123,0
-0.1450575739145279,0
-0.22180332243442535,0
-0.11314830929040909,0
1.6567631959915161,0
-0.17951999604701996,0
-0.22376777231693268,0
-0.3565111458301544,0
0.3185209035873413,0
0.7596973180770874,0
0.1714620739221573,0
1.2008737325668335,0
-0.26971435546875,0
1.139891266822815,0
0.28274837136268616,0
0.28274837136268616,0
0.21131978929042816,0
0.9256055355072021,0
0.7408774495124817,0
0.6337345838546753,0
0.7587345838546753,0
1.1515917778015137,0
0.6873060464859009,0
0.23227553069591522,0
0.5263931751251221,0
0.9675695896148682,0
0.9675695896148682,0
-0.20890091359615326,0
1.6602919101715088,1
-0.19105620682239532,0
-0.20828507840633392,0
-0.22883881628513336,0
-0.21856194734573364,0
1.6455007791519165,1
-0.1415557563304901,0
-0.23772023618221283,0
-0.11502762138843536,0
-0.2717094123363495,0
1.192257046699524,0
0.46740487217903137,0
0.4969906806945801,0
0.5561622977256775,0
0.7780557870864868,0
0.8190948963165283,0
0.42054417729377747,0
0.49300792813301086,0
1.1451817750930786,0
0.05822534114122391,0
1.655139446258545,1
-0.15647928416728973,0
-0.18578112125396729,0
-0.23249422013759613,0
-0.24098750948905945,0
-0.014545361511409283,0
0.5271213054656982,0
0.44378799200057983,0
0.15212130546569824,0
1.3187880516052246,0
1.015449047088623,0
0.8302639126777649,0
0.8302639126777649,0
0.6450786590576172,0
0.2747083008289337,0
0.5650467872619629,0
0.8005539774894714,0
1.1628727912902832,0
0.5650467872619629,0
0.6556264758110046,0
0.011641916818916798,0
0.011641916818916798,0
0.8011156320571899,0
0.40637877583503723,0
1.1958523988723755,0
1.2853364944458008,0
0.26492834091186523,0
0.16288751363754272,0
-0.14323492348194122,0
0.6730915904045105,0
-0.1665443629026413,0
-0.22519317269325256,0
-0.1947360634803772,0
-0.24960920214653015,0
1.6581132411956787,1
1.1367056369781494,0
0.8908040523529053,0
0.5219515562057495,0
0.3580171465873718,0
0.39900076389312744,0
0.4734162986278534,0
1.3718538284301758,0
-0.034396201372146606,0
0.043728798627853394,0
0.3366975486278534,0
-0.09143412858247757,0
1.2974549531936646,0
0.3252325654029846,0
0.603010356426239,0
-0.36921191215515137,0
-0.2839263677597046,0
1.5017880201339722,0
0.2875022292137146,0
0.073216512799263,0
-0.1410692185163498,0
-0.3107614815235138,0
0.522571861743927,0
0.10590518265962601,0
1.3559050559997559,0
0.2100718468427658,0
-0.688694179058075,0
-0.9518520832061768,0
0.23235848546028137,0
1.6797269582748413,0
-0.688694179058075,0
0.4617390036582947,0
-0.03826100751757622,0
-0.2525467276573181,0
-0.3954038918018341,0
1.4617390632629395,0
-0.14338818192481995,0
0.06494516134262085,0
-0.14338818192481995,0
1.5232785940170288,0
0.20383405685424805,0
0.3983314037322998,0
0.3009288012981415,0
0.7879418134689331,0
0.9502794742584229,0
0.9827470183372498,0
0.11233974993228912,0
0.42483973503112793,0
1.049839735031128,0
0.11233974993228912,0
0.9977564215660095,0
-0.16133098304271698,0
-0.2499024122953415,0
-0.1956166923046112,0
-0.19625161588191986,0
1.6535896062850952,1
-0.22545957565307617,0
-0.17666390538215637,0
-0.2344573587179184,0
-0.20192691683769226,0
1.658884048461914,1
1.23629891872406,0
0.7362989187240601,0
0.2362988442182541,0
-0.0970344990491867,0
0.3196321725845337,0
0.5034425854682922,0
0.9850939512252808,0
0.3887636661529541,0
0.5722498893737793,0
1.0539013147354126,0
1.1794495582580566,0
0.11463478207588196,0
0.06833849102258682,0
0.901671826839447,0
0.06833849102258682,0
-0.3354076147079468,0
-0.3354076147079468,0
0.02173522114753723,0
-0.2560425400733948,0
1.648719310760498,0
inf,0
-inf,0
-inf,0
-inf,0
-inf,0
0.6516650915145874,0
0.8302364945411682,0
0.5623793601989746,0
1.0980936288833618,0
0.2052365094423294,0
0.8753671646118164,0
1.1134624481201172,0
0.51822429895401,0
0.04203376546502113,0
0.28012901544570923,0
-0.22663633525371552,0
-0.15289661288261414,0
-0.24183118343353271,0
-0.21814508736133575,0
1.6584190130233765,1
-0.23722060024738312,0
-0.23692485690116882,0
-0.17511248588562012,0
-0.1481989622116089,0
1.6523451805114746,1
0.2138701230287552,0
-0.05786900967359543,0
1.1921310424804688,0
0.05082664638757706,0
0.8660440444946289,0
1.2583369016647339,0
0.6779796481132507,0
0.27619391679763794,0
0.45476534962654114,0
0.14226534962654114,0
-0.22957700490951538,0
-0.1562982052564621,0
-0.23085512220859528,0
-0.21338750422000885,0
1.657352089881897,1
0.36832472681999207,0
0.4458441138267517,0
1.240417718887329,0
0.523363471031189,0
0.6784021854400635,0
0.9779360890388489,0
0.2834916412830353,0
0.23719535768032074,0
-0.0868787094950676,0
1.0705287456512451,0
1.060998797416687,0
0.7628336548805237,0
0.8545767664909363,0
0.2582465410232544,0
0.4876043200492859,0
0.7916874289512634,0
0.45077836513519287,0
0.6780511140823364,0
0.2235056459903717,0
1.1325966119766235,0
-0.19250395894050598,0
-0.19250395894050598,0
0.7988753318786621,0
1.2730132341384888,0
-0.020090175792574883,0
-0.5548880100250244,0
1.7665406465530396,0
-0.9120308756828308,0
-0.01917370781302452,0
-0.7334594130516052,0
-0.2152518630027771,0
-0.17491433024406433,0
-0.2351888120174408,0
-0.21942472457885742,0
1.6597479581832886,1
-0.1423809975385666,0
-0.22735941410064697,0
-0.2381451427936554,0
-0.15741562843322754,0
1.6477222442626953,1
-0.23188748955726624,0
-0.18150360882282257,0
-0.19898372888565063,0
-0.22948825359344482,0
1.659393072128296,1
-0.2036517709493637,0
-0.23805959522724152,0
-0.1769404411315918,0
-0.23398497700691223,0
1.6607089042663574,1
0.6495197415351868,0
0.8578530550003052,0
1.1356309652328491,0
0.5800752639770508,0
0.5106308460235596,0
-0.3488087058067322,0
0.4466458261013031,0
0.5602821707725525,0
1.2421002388000488,0
0.21937309205532074,0
0.4621383547782898,0
0.9365909099578857,0
1.1008244752883911,0
0.5168828964233398,0
0.553379237651825,0
-0.23791153728961945,0
-0.19083304703235626,0
-0.21899214386940002,0
-0.19303296506404877,0
1.6593077182769775,1
-0.18199077248573303,0
-0.25050947070121765,0
-0.13444718718528748,0
-0.23489466309547424,0
1.6523991823196411,1
-0.16499248147010803,0
-0.15993115305900574,0
-0.24180562794208527,0
-0.23198069632053375,0
1.6526209115982056,1
1.5424532890319824,0
0.17881688475608826,0
-0.14946596324443817,0
-0.25047606229782104,0
0.027301723137497902,0
1.3508284091949463,0
0.31634554266929626,0
0.5174949765205383,0
0.17266739904880524,0
0.20140302181243896,0
1.3280096054077148,0
-0.11429797857999802,0
-0.11429797857999802,0
0.5587788820266724,0
0.36647123098373413,0
0.7617010474205017,0
0.641838014125824,0
0.6932079195976257,0
1.1384133100509644,0
0.3507421314716339,0
0.9211355447769165,0
0.3854212760925293,0
0.6532784104347229,0
0.9211355447769165,0
0.9211355447769165,0
-0.22050419449806213,0
-0.22997388243675232,0
-0.24133752286434174,0
-0.11207615584135056,0
1.6521284580230713,1
1.0,0
0.0,0
1.0,0
0.0,0
0.5,0
0.04246698319911957,0
1.521340250968933,0
0.2185233235359192,0
-0.09837809205055237,0
-0.16880062222480774,0
0.4268801212310791,0
1.2450618743896484,0
0.2905164659023285,0
0.6541528701782227,0
0.5405164957046509,0
-0.23539024591445923,0
-0.19790466129779816,0
-0.22385621070861816,0
-0.18961457908153534,0
1.660154938697815,1
-0.6700467467308044,0
1.729953408241272,0
-0.9700466990470886,0
-0.470046728849411,0
0.02995328977704048,0
-0.4369117319583893,0
-0.09208415448665619,0
0.16653650999069214,0
1.5889501571655273,0
-0.3507048189640045,0
0.523567259311676,0
0.6260262727737427,0
1.1997966766357422,0
0.35963281989097595,0
0.7079934477806091,0
0.4384784698486328,0
1.0322284698486328,0
0.7822284698486328,0
0.5634784698486328,0
0.9384784698486328,0
-0.1874319165945053,0
-0.23620791733264923,0
-0.19571463763713837,0
-0.22378383576869965,0
1.6596139669418335,1
-0.11018585413694382,0
-0.05968079715967178,0
1.4302183389663696,0
0.0665818378329277,0
0.4706222712993622,0
0.6134535670280457,0
0.5328083634376526,0
0.4521632194519043,0
0.3715180456638336,0
1.2586147785186768,0
-0.21768374741077423,0
-0.15077635645866394,0
-0.2155597060918808,0
-0.24069422483444214,0
1.6564311981201172,1
-0.010312686674296856,0
0.27377820014953613,0
1.3533235788345337,0
0.27377820014953613,0
0.5010509490966797,0
0.8063912391662598,0
0.6433477997779846,0
0.15421730279922485,0
0.3172608017921448,0
1.1324782371520996,0
1.296791672706604,0
0.318530797958374,0
0.6446177959442139,0
-0.11625181138515472,0
0.10113950073719025,0
0.9255208969116211,0
0.7730818390846252,0
0.4682038128376007,0
1.0474721193313599,0
0.4682038128376007,0
0.49643048644065857,0
-0.42462217807769775,0
0.10169362276792526,0
-0.3588327169418335,0
1.4174830913543701,0
1.2700011730194092,0
0.7519831657409668,0
0.1438751220703125,0
0.16639764606952667,0
0.12135260552167892,0
-0.21023665368556976,0
-0.10821394622325897,0
-0.23862558603286743,0
-0.23640769720077515,0
1.6505688428878784,1
1.6348663568496704,1
-0.2579907774925232,0
-0.02329690009355545,0
-0.2835009694099426,0
-0.16615404188632965,0
1.6096199750900269,1
-0.01571512036025524,0
-0.2519751787185669,0
-0.05592959746718407,0
-0.22684112191200256,0
1.607749581336975,1
-0.06924768537282944,0
-0.10023942589759827,0
-0.09679590165615082,0
-0.2173193246126175,0
1.1914775371551514,1
0.5504520535469055,0
0.22993923723697662,0
0.6145545840263367,0
0.6786571741104126,0
-0.35098838806152344,0
-0.19225823879241943,0
1.6728209257125854,0
-0.35098838806152344,0
-0.11289315670728683,0
0.2516389787197113,0
1.3154687881469727,0
0.3934829533100128,0
0.4289439618587494,0
0.49986594915390015,0
0.8074177503585815,0
0.8074177503585815,0
0.41456058621406555,0
0.09313198924064636,0
1.0217034816741943,0
1.6263929605484009,1
0.010637362487614155,0
-0.2064044326543808,0
-0.23855876922607422,0
-0.23855876922607422,0
1.6519120931625366,1
-0.19880114495754242,0
-0.21724678575992584,0
-0.13731566071510315,0
-0.240611270070076,0
1.6137919425964355,1
-0.2444455772638321,0
-0.14866013824939728,0
-0.048085425049066544,0
-0.10076741874217987,0
1.611191749572754,1
-0.09842479974031448,0
-0.12356621772050858,0
-0.1911337822675705,0
-0.08428274840116501,0
1.6580787897109985,1
-0.18557021021842957,0
-0.203774094581604,0
-0.24321584403514862,0
-0.19972878694534302,0
1.6315927505493164,1
-0.27828386425971985,0
-0.12766656279563904,0
-0.14371594786643982,0
-0.11532088369131088,0
1.6587846279144287,1
-0.20607034862041473,0
-0.21518945693969727,0
-0.19193576276302338,0
-0.22202877700328827,0
1.587091326713562,1
-0.0024757233913987875,0
-0.2239324152469635,0
-0.17471981048583984,0
0.012288056313991547,0
1.6585206985473633,1
-0.1759488582611084,0
-0.2205214947462082,0
-0.20784887671470642,0
-0.23100917041301727,0
0.2367059290409088,0
0.16037005186080933,0
0.6947211623191833,0
1.267240285873413,0
0.3893776834011078,0
-0.9128709435462952,0
1.0315736532211304,0
1.0315736532211304,0
-0.6350931525230408,0
-0.07953757047653198,0
0.1855914443731308,0
-0.05831097811460495,0
0.36851826310157776,0
0.5514450669288635,0
1.3238028287887573,0
0.9475619196891785,1
0.2808952331542969,0
0.14994286000728607,0
1.1023237705230713,0
0.41184762120246887,0
1.1206715106964111,0
0.3630957305431366,0
0.43885329365730286,0
0.8933988213539124,0
0.5903684496879578,0
0.0287355687469244,0
0.998123288154602,0
0.07975597679615021,0
1.1001640558242798,0
-0.12432564795017242,0
0.29199329018592834,0
0.25293079018592834,0
1.3076183795928955,0
0.42871204018592834,0
0.565430760383606,0
0.5518163442611694,1
1.2135810852050781,0
0.6988751888275146,0
0.0861300677061081,0
0.06162026524543762,0
0.5379577279090881,0
0.14322087168693542,0
1.327431321144104,0
0.40637877583503723,0
0.011641916818916798,0
0.6373977661132812,0
0.2283068597316742,0
0.18285231292247772,0
1.319216012954712,0
0.13739776611328125,0
0.7695134282112122,0
0.9131916165351868,0
0.6545709371566772,0
0.6833065748214722,0
1.0856053829193115,0
0.5352554321289062,0
0.22275549173355103,0
0.7956721186637878,0
1.1602554321289062,0
0.5352554321289062,0
0.5750056505203247,0
0.3185954689979553,0
1.1519286632537842,0
0.5109031200408936,0
0.8314158916473389,0
1.6399818658828735,1
-0.2294038087129593,0
-0.13777606189250946,0
-0.09555543959140778,0
-0.2662345767021179,0
2.315889596939087,1
-5.184110641479492,0
-7.684110641479492,0
-10.184110641479492,0
-0.18411040306091309,0
1.595063328742981,1
0.06596153229475021,0
-0.20247800648212433,0
-0.24638167023658752,0
-0.090837262570858,0
0.4578099250793457,0
0.1453099399805069,0
0.5359349250793457,0
1.3171849250793457,0
0.1453099399805069,0
0.1910463273525238,0
0.5633867383003235,0
0.13785484433174133,0
1.2548761367797852,0
0.6165782809257507,0
0.6240749955177307,0
0.9929273724555969,0
1.0339109897613525,0
0.5625995397567749,0
0.7060421705245972,0
0.8681890368461609,0
0.6469501256942749,0
0.5584545731544495,0
0.9788085222244263,0
0.9788085222244263,0
0.7619261741638184,0
0.8935051560401917,0
0.7619261741638184,0
-0.15912649035453796,0
0.6303472518920898,0
0.2509479522705078,0
1.2926146984100342,0
0.2092812955379486,0
0.2926146388053894,0
0.6676146388053894,0
1.5303131341934204,1
0.23972870409488678,0
-0.10118038952350616,0
-0.14988169074058533,0
-0.06871285289525986,0
1.6510498523712158,1
-0.25215843319892883,0
-0.12573102116584778,0
-0.23176690936088562,0
-0.18418671190738678,0
1.661209225654602,1
-0.19871732592582703,0
-0.21313536167144775,0
-0.22973795235157013,0
-0.2113877236843109,0
1.1314445734024048,0
0.6626945734024048,0
0.8189445734024048,0
0.5957303047180176,0
0.7519803047180176,0
1.658305287361145,1
-0.1822061687707901,0
-0.22819091379642487,0
-0.20015142858028412,0
-0.22258302569389343,0
1.0302233695983887,0
0.0927233099937439,0
0.7524455785751343,0
0.5093899965286255,0
0.8218899965286255,0
1.654592514038086,1
-0.16457462310791016,0
-0.1895095854997635,0
-0.2556414008140564,0
-0.20143498480319977,0
1.658428430557251,1
-0.21865269541740417,0
-0.1779571771621704,0
-0.21449065208435059,0
-0.22281473875045776,0
1.6510180234909058,1
-0.25356218218803406,0
-0.19758252799510956,0
-0.11997438222169876,0
-0.22302782535552979,0
0.523223340511322,0
0.8232232928276062,0
0.9232233166694641,0
0.9732233285903931,0
0.8732233047485352,0
1.45119047164917,1
0.3349544107913971,0
-0.03404926881194115,0
0.14122748374938965,0
0.07665183395147324,0
1.5777003765106201,1
0.08820328116416931,0
-0.2061951905488968,0
-0.16482026875019073,0
-0.05501759797334671,0
0.8385661840438843,0
0.5773720741271973,0
0.6519989967346191,0
0.24155116081237793,0
1.0997601747512817,0
-0.03481528162956238,0
-0.10834468901157379,0
0.038714125752449036,0
0.6269493699073792,0
1.362243413925171,0
1.0080217123031616,0
0.9118677973747253,0
0.8157139420509338,0
0.6234062910079956,0
0.9118677973747253,0
0.8553444147109985,0
-0.15342754125595093,0
0.15359000861644745,0
1.206221580505371,0
-0.021848594769835472,0
0.19800561666488647,0
1.0088163614273071,0
0.8061136603355408,0
0.8736812472343445,0
0.40070831775665283,0
0.17246422171592712,0
-0.024904202669858932,0
0.5672010779380798,0
1.3566747903823853,0
0.17246422171592712,0
1.657234787940979,1
-0.21372386813163757,0
-0.23702169954776764,0
-0.18947510421276093,0
-0.1856713742017746,0
-0.3869709372520447,0
-0.053637586534023285,0
-0.13697092235088348,0
1.6130292415618896,0
-0.053637586534023285,0
1.65822434425354,1
-0.2092399150133133,0
-0.21746060252189636,0
-0.20512957870960236,0
-0.19873571395874023,0
0.5980936288833618,0
1.288883090019226,0
0.433619886636734,0
0.36783039569854736,0
0.20335671305656433,0
1.6611802577972412,1
-0.20234709978103638,0
-0.2170441597700119,0
-0.22124332189559937,0
-0.2116452306509018,0
0.9470825791358948,0
0.5523456931114197,0
0.35497725009918213,0
1.078661561012268,0
0.5523456931114197,0
0.1495969295501709,0
1.232930302619934,0
0.0662636011838913,0
0.1495969295501709,0
0.8162636160850525,0
1.6469080448150635,1
-0.21728087961673737,0
-0.10975399613380432,0
-0.2523439824581146,0
-0.18689285218715668,0
1.6224607229232788,1
-0.2149590104818344,0
-0.03982766717672348,0
-0.22809386253356934,0
-0.1259339153766632,0
1.655523419380188,1
-0.1810833215713501,0
-0.19361987709999084,0
-0.24898971617221832,0
-0.19153045117855072,0
0.5400047898292542,1
0.7251899242401123,0
1.0029677152633667,0
0.7251899242401123,0
1.0029677152633667,0
