1.5684727430343628,1
-0.12353633344173431,0
-0.17224618792533875,0
0.03279595077037811,0
0.027530021965503693,0
0.9288946986198425,0
0.6069523096084595,0
0.851556658744812,0
0.9540745615959167,0
0.32277965545654297,0
0.2812206745147705,0
0.8761405348777771,0
0.20991943776607513,0
1.172486424446106,0
0.3235557973384857,0
1.3700226545333862,1
0.033309854567050934,0
0.31345924735069275,0
0.35668230056762695,0
0.36895552277565,0
0.3141082227230072,0
1.060714602470398,0
0.43854260444641113,0
0.5403525829315186,0
0.9787009954452515,0
0.7597264647483826,1
0.5917291045188904,0
1.1472846269607544,0
0.7680431604385376,0
0.6499460339546204,0
0.6596843004226685,0
0.1843322068452835,0
0.6471088528633118,0
0.9086782336235046,0
1.0067667961120605,0
0.6541268229484558,0
0.8372979760169983,0
0.5725584030151367,0
0.24056072533130646,0
1.1006065607070923,0
0.25916704535484314,0
1.1091116666793823,0
0.7685800790786743,0
0.6163098812103271,0
0.7187461853027344,0
0.20383919775485992,0
0.6908887624740601,0
0.8203932642936707,0
1.0906635522842407,0
0.5529382824897766,0
0.15803365409374237,0
0.5686481595039368,0
1.3340113162994385,0
0.33121800422668457,0
0.06026829406619072,0
0.9525652527809143,0
0.5357517004013062,0
0.521652340888977,0
1.0494986772537231,0
0.746361494064331,0
1.3993865251541138,1
0.3086021840572357,0
0.37491822242736816,0
0.16510802507400513,0
0.058773692697286606,0
0.3044779300689697,0
0.15729717910289764,0
1.1937813758850098,0
0.8434497714042664,0
0.022554224357008934,0
0.6207152605056763,0
1.1329103708267212,0
0.8381949067115784,0
0.5942924618721008,0
0.7203087210655212,0
0.6074269413948059,0
0.20098520815372467,0
0.6419361233711243,0
1.2324270009994507,0
0.3025956451892853,0
1.4989972114562988,1
-0.16711357235908508,0
0.36407390236854553,0
-0.1937980353832245,0
-0.07705353200435638,0
1.0282695293426514,1
1.04069185256958,0
0.357462078332901,0
0.1307539939880371,0
0.17733784019947052,0
0.6407888531684875,0
0.6797499060630798,0
0.49793174862861633,0
1.0758538246154785,0
0.9346200227737427,0
0.22379045188426971,0
1.1572896242141724,0
0.3607036769390106,0
0.6487548351287842,0
0.7767775654792786,0
1.6217710971832275,1
-0.2196943312883377,0
-0.21318279206752777,0
-0.007417907007038593,0
-0.17541581392288208,0
1.361593246459961,1
0.27960389852523804,0
0.44944748282432556,0
0.332756370306015,0
0.0981522724032402,0
0.9517213106155396,0
1.1369065046310425,0
-0.025884149596095085,0
-0.03449741378426552,0
0.15068776905536652,0
-0.01952381245791912,0
0.9126794934272766,0
1.166916847229004,0
0.07934623956680298,0
0.14996770024299622,0
1.5869911909103394,1
-0.0025697844102978706,0
-0.046312365680933,0
-0.13676312565803528,0
-0.15084972977638245,0
0.6701566576957703,0
0.48668617010116577,0
0.5209797024726868,0
0.7798960208892822,0
1.1691278219223022,0
1.5588430166244507,1
0.03727085888385773,0
0.003760667284950614,0
-0.07617510110139847,0
-0.08804329484701157,0
0.8097794055938721,0
0.9130529761314392,0
0.5895923376083374,0
0.25833743810653687,0
0.9734582901000977,0
1.1344255208969116,0
0.16701501607894897,0
0.4885064959526062,0
0.8731219172477722,0
0.4048306345939636,0
1.4679100513458252,1
-0.10934660583734512,0
0.38856539130210876,0
0.04886091873049736,0
-0.15753163397312164,0
0.14777341485023499,0
1.3338347673416138,0
0.31721076369285583,0
0.43709567189216614,0
0.45787572860717773,0
1.0289825201034546,0
1.0444226264953613,0
0.09100006520748138,0
0.24411380290985107,0
0.2994406223297119,0
-0.2131621092557907,0
1.5450266599655151,0
0.18664519488811493,0
-0.07347040623426437,0
-0.0638364925980568,0
0.9790741205215454,0
1.0751582384109497,0
0.417072594165802,0
0.15238803625106812,0
0.1832074671983719,0
0.44457346200942993,0
0.23950926959514618,0
0.057626254856586456,0
0.6139743328094482,0
1.28444504737854,0
0.3473968505859375,0
1.1695444583892822,0
0.23665860295295715,0
0.8641753792762756,0
0.3943767249584198,0
0.38880929350852966,0
1.023524284362793,0
0.9911409020423889,0
0.6154931783676147,0
0.6219698786735535,0
0.5889464616775513,0
0.23016782104969025,0
0.3942899703979492,0
0.9324579238891602,0
1.0755876302719116,0
-0.08936353772878647,0
-0.19041801989078522,0
0.018281450495123863,0
1.5231144428253174,0
0.22698092460632324,0
1.4896234273910522,1
0.08060768246650696,0
0.1980787217617035,0
0.02075793780386448,0
0.06914708763360977,0
1.597962737083435,1
-0.19972841441631317,0
-0.09939856082201004,0
-0.1413172036409378,0
0.009177586995065212,0
1.1350746154785156,0
0.6899306774139404,0
0.33021846413612366,0
0.7348947525024414,0
0.6809378862380981,0
1.0648975372314453,0
0.9169793725013733,0
0.8567163944244385,0
0.8475856781005859,0
0.79462730884552,0
1.0975801944732666,0
0.05453380197286606,0
0.0015536680584773421,0
-0.05142646282911301,0
1.0081762075424194,0
0.17514434456825256,0
1.326025366783142,0
0.27150997519493103,0
0.5853866338729858,0
0.28252318501472473,0
0.4590733051300049,0
1.09260892868042,0
0.4438987970352173,0
0.7872219681739807,0
0.8422295451164246,0
0.019198616966605186,0
0.29001331329345703,0
0.469064325094223,0
1.3687957525253296,0
0.22958357632160187,0
-0.22492438554763794,0
-0.2229938805103302,0
-0.13419079780578613,0
-0.1940363496541977,0
1.6495928764343262,0
0.48009297251701355,0
0.9826835989952087,0
0.868694007396698,0
0.9127354621887207,0
0.37387534976005554,0
0.12492716312408447,0
0.33988043665885925,0
1.3445532321929932,0
0.540814995765686,0
0.07352529466152191,0
1.237742304801941,0
0.27174338698387146,0
0.05824839696288109,0
0.5880322456359863,0
0.6117539405822754,0
1.4513072967529297,1
0.2691412568092346,0
0.15782399475574493,0
0.1769566535949707,0
-0.02596541866660118,0
-0.0772748813033104,0
1.4136203527450562,0
-0.10003664344549179,0
0.5410862565040588,0
-0.0469258688390255,0
1.0223681926727295,0
0.7570677995681763,0
0.5577415823936462,0
0.2096225917339325,0
0.8763827681541443,0
0.5830047130584717,0
0.9564803242683411,0
0.8497730493545532,0
1.0136449337005615,0
0.7201998829841614,0
1.0614299774169922,1
0.5134629607200623,0
0.9280118942260742,0
0.6834121346473694,0
0.33874887228012085,0
0.7944920063018799,0
0.5496742725372314,0
0.9767650961875916,0
0.4335198998451233,0
0.9910610318183899,0
-0.2037286013364792,0
-0.034497834742069244,0
1.4655022621154785,0
0.43088677525520325,0
-0.11911321431398392,0
0.9000011086463928,0
0.11556235700845718,0
0.08048582822084427,0
0.04859807342290878,0
1.1806132793426514,0
0.405029296875,0
1.2141201496124268,0
0.31412020325660706,0
0.7823020219802856,0
0.15048383176326752,0
1.5861403942108154,1
-0.14558051526546478,0
-0.06174323707818985,0
0.014878536574542522,0
-0.14180096983909607,0
0.2747925817966461,0
0.06292816251516342,0
-0.010261359624564648,0
1.357227087020874,0
0.5482902526855469,0
1.2904940843582153,0
0.2887314260005951,0
0.6853237152099609,0
0.16534718871116638,0
0.15065857768058777,0
0.836902379989624,0
0.4313467741012573,0
0.3841245472431183,0
0.5813468098640442,0
1.1591246128082275,0
-0.010728493332862854,0
-0.17157910764217377,0
-0.1388637274503708,0
1.6059565544128418,0
-0.15522141754627228,0
0.21951322257518768,0
-0.1786591112613678,0
1.5119415521621704,0
-0.13296720385551453,0
0.1085471659898758,0
0.046699363738298416,0
0.12773127853870392,0
-0.21500065922737122,0
-0.14761187136173248,0
1.5499241352081299,1
-0.1960587054491043,0
-0.09279738366603851,0
-0.21799397468566895,0
0.22464323043823242,0
1.5506924390792847,1
0.9688307046890259,0
0.23844429850578308,0
0.5546035170555115,0
0.12573938071727753,0
1.040552020072937,0
0.44863924384117126,0
0.32385438680648804,0
1.2210144996643066,0
0.7627528309822083,0
0.377640962600708,0
-0.07693668454885483,0
0.0386505201458931,0
0.2654355466365814,0
0.46637195348739624,0
1.3905819654464722,1
0.32191914319992065,0
0.06348314136266708,0
0.271035373210907,0
0.1244097650051117,0
1.4232850074768066,1
0.6886305212974548,0
0.3241608440876007,0
0.6689884066581726,0
1.1338509321212769,0
0.7442830801010132,0
0.40850019454956055,0
0.9500830173492432,0
0.14525404572486877,0
0.4839528799057007,0
1.072484016418457,0
-0.2464466243982315,0
-0.165309339761734,0
-0.12182558327913284,0
-0.2581556439399719,0
1.649979591369629,1
0.5779364705085754,0
0.748060941696167,0
1.1775215864181519,0
0.6754468679428101,0
0.5717124342918396,0
-0.25877127051353455,0
-0.1476108282804489,0
-0.11584410816431046,0
-0.24637900292873383,0
1.6462615728378296,1
-0.26554495096206665,0
-0.15277786552906036,0
-0.10859427601099014,0
-0.17519938945770264,0
1.6376467943191528,1
0.11809954047203064,0
-0.16738170385360718,0
0.11402124166488647,0
1.5373491048812866,0
-0.17146000266075134,0
-0.13115236163139343,0
0.04977351799607277,0
-0.2289402186870575,0
-0.24725255370140076,0
1.6074206829071045,1
-0.04932072386145592,0
-0.12060749530792236,0
0.2651531994342804,0
-0.20136909186840057,0
1.5253047943115234,1
-0.23126880824565887,0
-0.2520405948162079,0
-0.1409035176038742,0
-0.19174395501613617,0
1.6546084880828857,1
0.47903111577033997,0
1.2229713201522827,0
0.3745958209037781,0
0.7291600704193115,0
0.16701458394527435,0
1.4160126447677612,0
0.07957641035318375,0
-0.006859759334474802,0
0.16601258516311646,0
0.435294508934021,0
1.0438121557235718,0
0.9795379638671875,0
0.6220124363899231,0
0.3930354714393616,0
0.35822027921676636,0
-0.11880692094564438,0
-0.07934510707855225,0
0.42200785875320435,0
0.08526703715324402,0
1.4472633600234985,1
-0.1406971514225006,0
-0.04605994001030922,0
-0.11703785508871078,0
0.47050154209136963,0
1.4484195709228516,0
0.620450496673584,0
0.6842803359031677,0
0.19066327810287476,0
0.5842803120613098,0
1.1715143918991089,0
0.7141531109809875,0
0.6101669669151306,0
0.43902313709259033,0
1.110600233078003,0
0.8549676537513733,0
0.7127076387405396,0
0.2547221779823303,0
0.16338607668876648,0
0.13598524034023285,0
1.2816011905670166,1
0.9355801343917847,0
1.0380586385726929,0
0.6066954731941223,0
0.21823027729988098,0
0.575713574886322,0
0.2753232717514038,0
0.4011094272136688,0
1.2753231525421143,0
0.621235191822052,0
0.4545685350894928,0
0.3475019335746765,0
0.15353640913963318,0
1.231122612953186,0
0.6276743412017822,0
0.606122612953186,0
0.17233899235725403,0
1.0892771482467651,0
0.3987233638763428,0
0.5909057855606079,0
0.8987233638763428,0
0.8488875031471252,0
0.4105849862098694,0
0.9270561337471008,0
0.9800991415977478,0
0.6827792525291443,0
0.7179237008094788,0
1.118347406387329,0
0.781482994556427,0
0.7242796421051025,0
0.427669495344162,0
0.18003033101558685,0
-0.14340431988239288,0
-0.020245926454663277,0
-0.13649824261665344,0
1.5428297519683838,1
0.9478720426559448,0
0.6635911464691162,0
0.4322644770145416,0
0.3291429877281189,0
1.0537806749343872,0
0.294254869222641,0
0.9014267921447754,0
0.6956403255462646,0
0.7241652011871338,0
1.01348876953125,0
0.8270541429519653,0
0.23838426172733307,0
1.1176944971084595,0
0.6423251032829285,0
0.5339507460594177,0
0.688365638256073,0
1.3103364706039429,0
0.16736401617527008,0
0.04620084911584854,0
-0.05072968080639839,0
0.0993361622095108,0
-0.04345463588833809,0
0.44702595472335815,0
0.0012400466948747635,0
1.4285675287246704,1
0.32127296924591064,0
0.05897790566086769,0
0.19627298414707184,0
0.40119099617004395,0
1.3868467807769775,0
1.4768227338790894,0
-0.06049942225217819,0
-0.05753733962774277,0
-0.12862738966941833,0
0.3867754340171814,0
1.2867907285690308,0
0.46345528960227966,0
0.5354409217834473,0
0.32098376750946045,0
0.48145169019699097,0
0.4216846227645874,0
0.11043491959571838,0
0.20869334042072296,0
0.29047727584838867,0
1.3848525285720825,1
0.550163745880127,0
1.332062840461731,0
0.18221122026443481,0
0.33799755573272705,0
0.2593625485897064,0
1.1258066892623901,0
0.6061437129974365,0
0.8850361704826355,0
0.5218740701675415,0
0.5981180667877197,0
0.8093904852867126,0
1.0166609287261963,0
0.6212527751922607,0
0.9305640459060669,0
0.42354869842529297,0
0.5381813049316406,0
1.0342648029327393,0
0.8493214249610901,0
0.3336556553840637,0
0.8449698090553284,0
0.34980669617652893,0
0.5857069492340088,0
0.4935160279273987,0
1.2635811567306519,0
0.5179194808006287,0
1.3217604160308838,0
-0.10612422227859497,0
0.018875783309340477,0
0.711183488368988,0
-0.12054730206727982,0
0.6711634993553162,0
0.7942204475402832,0
0.8622256517410278,0
1.0273810625076294,0
0.3214225172996521,0
0.9989334940910339,0
0.9423906803131104,0
0.4335053861141205,0
0.5869787335395813,0
0.8333438038825989,0
0.1529805213212967,0
0.30200791358947754,0
0.09755278378725052,0
0.35952726006507874,0
1.4042878150939941,1
-0.16316772997379303,0
-0.2255086600780487,0
-0.22305706143379211,0
-0.22037196159362793,0
1.657853126525879,1
0.4920954406261444,0
0.6219655871391296,0
0.7558941841125488,0
0.8979396224021912,0
1.0805695056915283,0
0.36674413084983826,0
0.6296253204345703,0
0.5297304391860962,0
0.5271016359329224,0
1.2447673082351685,0
0.2683650553226471,0
1.123179316520691,0
0.6190094947814941,0
0.27973729372024536,0
0.857826828956604,0
1.3450381755828857,0
-0.0262697022408247,0
-0.08956083655357361,0
0.5011564493179321,0
0.39567121863365173,0
-0.2292357236146927,0
-0.144093856215477,0
-0.1959908902645111,0
-0.24898511171340942,0
1.6551313400268555,1
0.04564746841788292,0
1.3501402139663696,0
0.4571243226528168,0
0.3236723840236664,0
0.3381296694278717,0
1.047635793685913,0
-0.08454182744026184,0
-0.06016479805111885,0
1.0611786842346191,0
0.0535946749150753,0
0.9529258012771606,0
0.41358569264411926,0
0.18515929579734802,0
0.4706922769546509,0
1.0798293352127075,0
-0.02400824800133705,0
-0.2699727714061737,0
-0.21214056015014648,0
-0.0997442901134491,0
1.618739128112793,1
0.04943588748574257,0
0.9517537355422974,0
0.11980012059211731,0
0.11152197420597076,0
1.1380120515823364,0
0.22417134046554565,0
-0.17327041923999786,0
-0.21552714705467224,0
-0.0008172409725375473,0
1.535272240638733,1
0.18935854732990265,0
1.3285280466079712,0
0.44468963146209717,0
0.30720365047454834,0
0.4783596694469452,0
0.4811638295650482,0
0.9729082584381104,0
0.1096634566783905,0
1.0590533018112183,0
0.26041722297668457,0
0.5055572986602783,0
0.7298843264579773,0
1.1411504745483398,0
0.43078160285949707,0
0.7946898937225342,0
1.069196105003357,0
0.18977637588977814,0
0.07644908875226974,0
1.0215986967086792,0
-0.0006134642171673477,0
0.19595496356487274,0
0.7866860628128052,0
1.1946494579315186,0
0.3950411379337311,0
0.478265643119812,0
-0.12836621701717377,0
1.4964241981506348,0
0.3448330760002136,0
-0.05298933759331703,0
-0.12836621701717377,0
-0.35043865442276,0
-5.350438117980957,0
-2.8504385948181152,0
2.1495614051818848,0
-2.8504385948181152,0
0.07054223865270615,0
0.26284992694854736,0
0.26284992694854736,0
-0.5063808560371399,0
1.4166960716247559,0
0.6824218034744263,0
0.6824218034744263,0
1.0990885496139526,0
-0.01202265452593565,0
-0.2898004353046417,0
1.0697622299194336,0
0.6679765582084656,0
0.891190767288208,0
0.8465479016304016,0
0.6233336925506592,0
1.0757609605789185,0
0.24242770671844482,0
0.24242770671844482,0
0.42761290073394775,0
0.9831684231758118,0
0.683380126953125,0
1.0306023359298706,0
0.5444912314414978,0
0.9611579179763794,0
0.3361578583717346,0
0.30147069692611694,0
1.4807158708572388,0
0.06562165170907974,0
-0.028717966750264168,0
-0.028717966750264168,0
-0.10124891996383667,0
-0.02060374990105629,0
1.632622241973877,0
-0.3028618395328522,0
-0.3431844115257263,0
0.9748512506484985,0
0.7825435400009155,0
0.15754354000091553,0
0.878697395324707,0
0.5902358293533325,0
1.198922872543335,0
-0.10542497038841248,0
0.7641403079032898,0
0.43805330991744995,0
0.0032706884667277336,0
1.6542396545410156,1
-0.18825486302375793,0
-0.14854760468006134,0
-0.22367995977401733,0
-0.25054076313972473,0
0.7568268179893494,0
0.49366891384124756,0
0.4748719334602356,0
0.9259997010231018,0
1.057578682899475,0
1.6526380777359009,1
-0.15683697164058685,0
-0.1615666002035141,0
-0.24197019636631012,0
-0.24039365351200104,0
0.1464466154575348,0
1.1464465856552124,0
0.6464465856552124,0
0.6464465856552124,0
0.6464465856552124,0
0.03034266084432602,0
1.2498549222946167,0
-0.15258416533470154,0
-0.15258416533470154,0
0.8230255842208862,0
0.41198596358299255,0
0.5772752165794373,0
1.1557875871658325,0
0.4533082842826843,0
0.8458702564239502,0
0.4834635257720947,0
0.6578820943832397,0
0.9776495695114136,0
0.9776495695114136,0
0.8323007225990295,0
-0.0176007729023695,0
0.7534273266792297,0
0.216044083237648,0
1.2207170724868774,0
0.4029599726200104,0
1.6609746217727661,1
-0.22226329147815704,0
-0.23014295101165771,0
-0.18393950164318085,0
-0.21617446839809418,0
1.393219232559204,0
0.23250490427017212,0
0.05393347516655922,0
-0.3924950957298279,0
0.4110763370990753,0
1.658905029296875,1
-0.2299211621284485,0
-0.2011401206254959,0
-0.23274283111095428,0
-0.17518074810504913,0
1.654074788093567,1
-0.23827002942562103,0
-0.24013257026672363,0
-0.20730522274971008,0
-0.12814711034297943,0
0.6100578904151917,0
0.5013622641563416,0
0.6100578904151917,0
1.1535362005233765,0
0.8274492025375366,0
-2.8504385948181152,0
-0.35043865442276,0
2.1495614051818848,0
-5.350438117980957,0
-2.8504385948181152,0
0.8453204035758972,0
0.9390704035758972,0
0.5953204035758972,0
0.8453204035758972,0
1.0015703439712524,0
-0.3288871645927429,0
0.5894801616668701,0
1.3037657737731934,0
-0.3288871645927429,0
0.33437809348106384,0
0.8431360721588135,0
0.9713411927223206,0
0.33031556010246277,0
0.8431360721588135,0
0.7790335416793823,0
0.9629141092300415,0
0.6057712435722351,0
-0.10851447284221649,0
0.9629141092300415,0
0.2486283928155899,0
0.05227414146065712,0
0.05227414146065712,0
-0.2695080041885376,0
1.5621750354766846,0
-0.09624069929122925,0
1.6605033874511719,1
-0.21338312327861786,0
-0.1977929323911667,0
-0.23370607197284698,0
-0.20336085557937622,0
0.5653534531593323,0
1.2068008184432983,0
0.35153764486312866,0
0.7133798003196716,0
0.5489060878753662,0
5.85410213470459,0
5.85410213470459,0
0.8541020750999451,0
8.35410213470459,0
0.8541020750999451,0
1.6487503051757812,1
-0.22801709175109863,0
-0.2675583064556122,0
-0.10965530574321747,0
-0.17931069433689117,0
0.1271630823612213,0
0.7293528914451599,0
0.07241854816675186,0
1.2585500478744507,0
0.34614118933677673,0
0.7452768087387085,0
-0.30735480785369873,0
-0.04419690743088722,0
0.7452768087387085,0
1.0084346532821655,0
0.6398162841796875,0
0.2826734185218811,0
0.3719591200351715,0
0.9076734185218811,0
1.086244821548462,0
0.5462977886199951,0
0.7454127669334412,0
0.3029349446296692,0
0.6569172143936157,0
1.165766716003418,0
0.5104993581771851,0
1.1771659851074219,0
-0.32283398509025574,0
0.6771659851074219,0
-0.32283398509025574,0
0.5414547324180603,0
0.49043428897857666,0
0.5414547324180603,0
0.5414547324180603,0
1.2557404041290283,0
0.8820439577102661,0
0.6605249643325806,0
0.8820439577102661,0
1.0086262226104736,0
0.439005970954895,0
0.10861263424158096,0
1.1211127042770386,0
0.8586126565933228,0
0.3336126506328583,0
0.5586126446723938,0
1.6598347425460815,1
-0.24458029866218567,0
-0.20203852653503418,0
-0.21430282294750214,0
-0.18440860509872437,0
0.012960036285221577,0
1.4481452703475952,0
0.19814521074295044,0
0.10555262863636017,0
0.2907378077507019,0
1.6482508182525635,1
-0.2375318557024002,0
-0.115327388048172,0
-0.2582986354827881,0
-0.16804304718971252,0
1.6588160991668701,1
-0.19507157802581787,0
-0.23729638755321503,0
-0.21982406079769135,0
-0.1852433830499649,0
0.9267052412033081,0
0.5024628043174744,0
0.547917366027832,0
1.093371868133545,0
0.6539779901504517,0
1.167056679725647,0
0.2974914014339447,0
0.08010009676218033,0
0.8409696817398071,0
-0.24598687887191772,0
1.6536924839019775,1
-0.27101200819015503,0
-0.19478896260261536,0
-0.17044396698474884,0
-0.17218288779258728,0
-3.7914376258850098,0
-6.29143762588501,0
3.7085623741149902,0
-3.7914376258850098,0
-3.7914376258850098,0
1.6593950986862183,1
-0.18990014493465424,0
-0.1986198127269745,0
-0.2044329196214676,0
-0.24948450922966003,0
-0.40060460567474365,0
-0.27560460567474365,0
1.4743953943252563,0
0.47439539432525635,0
-0.15060460567474365,0
0.5522230267524719,0
0.6384299397468567,0
0.46601614356040955,0
0.7533724308013916,0
1.1844068765640259,0
0.21195711195468903,0
0.21195711195468903,0
0.6697036027908325,0
1.1802669763565063,0
0.7049148678779602,0
1.660297155380249,1
-0.21994461119174957,0
-0.1929284781217575,0
-0.20542848110198975,0
-0.22841235995292664,0
1.0635594129562378,0
0.09417173266410828,0
1.012539029121399,0
0.2982533574104309,0
0.1962125450372696,0
1.660752296447754,1
-0.23844856023788452,0
-0.19004693627357483,0
-0.19848908483982086,0
-0.2243783175945282,0
1.648566484451294,1
-0.24599911272525787,0
-0.12663079798221588,0
-0.14985419809818268,0
-0.26016539335250854,0
0.5103704333305359,0
0.7806406617164612,0
1.0171271562576294,0
0.9495595693588257,0
0.4090190827846527,0
-0.09752704948186874,0
-0.20391002297401428,0
1.6577922105789185,0
-0.3102930188179016,0
-0.25710150599479675,0
0.5683375597000122,0
0.3683375120162964,0
0.9683375358581543,0
1.0683375597000122,0
0.3683375120162964,0
0.32601502537727356,0
1.4969011545181274,0
-0.14866852760314941,0
-0.08537739515304565,0
-0.022086251527071,0
0.9530736804008484,0
0.7047293186187744,0
0.22459685802459717,0
1.0027425289154053,0
0.25770944356918335,0
1.109834909439087,0
0.4848349690437317,0
0.8598349690437317,0
0.7348349690437317,0
0.4848349690437317,0
1.6599235534667969,1
-0.23647429049015045,0
-0.1851750910282135,0
-0.20915189385414124,0
-0.21417029201984406,0
0.16729071736335754,0
1.0715460777282715,0
0.22048220038414001,0
0.9651630520820618,0
0.48643964529037476,0
0.4925840198993683,0
0.6993509531021118,0
1.0376967191696167,0
0.5865689516067505,0
0.9813057780265808,0
-5.85410213470459,0
1.6458978652954102,0
-0.8541020750999451,0
-0.8541020750999451,0
-5.85410213470459,0
0.6007372736930847,0
0.3699680268764496,0
0.985352635383606,0
1.0238142013549805,0
0.2161218672990799,0
0.6443899869918823,0
0.9704769253730774,0
0.22513537108898163,0
0.6909738779067993,0
0.9549490213394165,0
-0.24238897860050201,0
-0.2510634958744049,0
-0.14653541147708893,0
-0.18210098147392273,0
1.6553815603256226,1
-0.21449889242649078,0
-0.2155727744102478,0
-0.17154356837272644,0
-0.238840252161026,0
1.6590691804885864,1
1.54662024974823,0
-0.13306722044944763,0
0.17943277955055237,0
-0.13306722044944763,0
-0.05494222044944763,0
-0.32465818524360657,0
1.2229609489440918,0
0.8658180832862854,0
-0.08656292408704758,0
-0.08656292408704758,0
-0.20918883383274078,0
-0.2492651641368866,0
-0.16965775191783905,0
-0.19446691870689392,0
1.6564054489135742,1
0.8042747378349304,0
0.6119670271873474,0
0.9004285931587219,0
1.0446593761444092,0
0.8523516654968262,0
-0.22321367263793945,0
0.27678632736206055,0
-0.22321367263793945,0
1.554564118385315,0
-0.27876922488212585,0
1.3183274269104004,0
0.5228729248046875,0
0.3524184226989746,0
0.18196389079093933,0
0.4092366099357605,0
-1.5035966634750366,0
-2.059152126312256,0
-0.11470768600702286,0
-0.6702632904052734,0
1.8297368288040161,0
-0.2575927674770355,0
-0.2395714968442917,0
-0.1584758162498474,0
-0.1424819380044937,0
1.651534914970398,1
-0.18671627342700958,0
-0.24756880104541779,0
-0.18701311945915222,0
-0.1911688894033432,0
1.6551859378814697,1
-0.12410618364810944,0
0.9870048761367798,0
1.0795974731445312,0
-0.12410618364810944,0
0.24626417458057404,0
0.06598301231861115,0
0.06598301231861115,0
0.06598301231861115,0
0.69098299741745,0
1.3159829378128052,0
0.6685681343078613,0
0.7140226364135742,0
0.4412953853607178,0
1.077659010887146,0
0.8958408236503601,0
-0.18022607266902924,0
-0.24752336740493774,0
-0.1794152557849884,0
-0.16968552768230438,0
1.6500442028045654,1
0.3967823088169098,0
0.952337920665741,0
0.7440045475959778,0
0.952337920665741,0
0.8134490251541138,0
0.1361994743347168,0
0.06477090716362,0
1.421913743019104,0
0.06477090716362,0
0.4219137728214264,0
0.3310924768447876,0
0.5035062432289124,0
0.3310924768447876,0
0.9345407485961914,0
1.106954574584961,0
0.16591155529022217,0
-0.3120296001434326,0
0.018852736800909042,0
-0.38555899262428284,0
1.5629702806472778,0
1.2750234603881836,0
0.7541901469230652,0
0.07710684835910797,0
0.07710684835910797,0
-0.18330980837345123,0
-0.16265852749347687,0
-0.2194262146949768,0
-0.15722857415676117,0
-0.2678021788597107,0
1.6531671285629272,1
0.4990248680114746,0
0.4990248680114746,0
1.0198582410812378,0
0.2906915247440338,0
1.0198582410812378,0
-0.18101510405540466,0
-0.1941433846950531,0
-0.18289056420326233,0
-0.2525954842567444,0
1.6547563076019287,1
1.5311909914016724,0
0.04309569299221039,0
0.10261950641870499,0
0.04309569299221039,0
-0.3735710084438324,0
0.9032496213912964,0
0.564266562461853,0
0.9456225037574768,0
0.43714791536331177,0
0.9456225037574768,0
1.1710073947906494,0
-0.07899254560470581,0
0.8585074543952942,0
0.07725745439529419,0
-0.5477425456047058,0
0.11889879405498505,0
-0.21443454921245575,0
-0.13110122084617615,0
0.11889879405498505,0
1.5355653762817383,0
0.9303831458091736,0
0.5042468309402466,0
0.2343605011701584,0
0.5042468309402466,0
1.0866332054138184,0
0.8664152026176453,0
0.29349851608276367,0
0.033081866800785065,0
0.18933185935020447,0
1.1789151430130005,0
-0.22658024728298187,0
-0.195732980966568,0
-0.2505725622177124,0
-0.13883690536022186,0
1.6540751457214355,1
-0.20699405670166016,0
-0.21595881879329681,0
-0.22219517827033997,0
-0.20153723657131195,0
1.6604052782058716,1
1.0284571647644043,0
0.34663906693458557,0
1.0284571647644043,0
0.4602753818035126,0
0.4602753818035126,0
-0.21891744434833527,0
-0.2212657481431961,0
-0.2254926860332489,0
-0.18745023012161255,0
1.6611313819885254,1
0.8646985292434692,0
0.1916215717792511,0
1.0570062398910522,0
0.720467746257782,0
0.4800831377506256,0
-0.18228700757026672,0
-0.23995915055274963,0
-0.14383891224861145,0
-0.24563898146152496,0
1.6540464162826538,1
-0.2422332912683487,0
-0.2075907588005066,0
-0.20397774875164032,0
-0.1854875683784485,0
1.6590673923492432,1
-0.3287290036678314,0
-0.041372694075107574,0
1.6540296077728271,0
-0.2999933958053589,0
-0.21378648281097412,0
0.015757456421852112,0
0.015757456421852112,0
1.5782573223114014,0
-0.2967425584793091,0
-0.9217425584793091,0
-0.2317955195903778,0
-0.2236514538526535,0
-0.20283886790275574,0
-0.18632452189922333,0
1.659888505935669,1
-0.23975400626659393,0
-0.21340322494506836,0
-0.21174146234989166,0
-0.17731927335262299,0
1.6594010591506958,1
0.12511546909809113,0
1.232710361480713,0
0.6630901098251343,0
0.568153440952301,0
0.18840660154819489,0
0.7004500031471252,0
0.156971737742424,0
1.2439281940460205,0
0.21131956577301025,0
0.48305872082710266,0
-0.22110618650913239,0
-0.22000841796398163,0
-0.2170810103416443,0
-0.18231813609600067,0
1.6593825817108154,1
0.5817581415176392,0
0.9780995845794678,0
1.0390751361846924,0
0.4902947247028351,0
0.7037093639373779,0
-0.8110110759735107,0
-0.31101107597351074,0
-1.3110110759735107,0
-1.0610110759735107,0
1.9389889240264893,0
0.4135640561580658,0
0.18100593984127045,0
0.4135640561580658,0
0.35542452335357666,0
1.3437966108322144,0
-0.38492441177368164,0
-0.32319602370262146,0
0.324952095746994,0
-0.07628246396780014,0
1.528655767440796,0
0.14348961412906647,0
0.548895001411438,0
0.09844457358121872,0
1.06691312789917,0
0.9317779541015625,0
-0.23643863201141357,0
-0.216060072183609,0
-0.2302214354276657,0
-0.15803298354148865,0
1.6587672233581543,1
1.2296630144119263,0
0.6463296413421631,0
0.5629963278770447,0
0.3129963278770447,0
0.06299631297588348,0
-0.02279149927198887,0
0.14962227642536163,0
-0.28141218423843384,0
0.06341539323329926,0
1.5289325714111328,0
-0.22784537076950073,0
-0.20307563245296478,0
-0.19400501251220703,0
-0.22400781512260437,0
1.6605863571166992,1
-0.199458047747612,0
-0.21001696586608887,0
-0.22163178026676178,0
-0.2072012573480606,0
1.6592637300491333,1
1.202967882156372,0
0.02033316344022751,0
0.37961459159851074,0
0.22991399466991425,0
0.7987762093544006,0
0.11496952176094055,0
0.2177092432975769,0
1.3820927143096924,0
0.11496952176094055,0
0.491681843996048,0
0.20943057537078857,0
-0.2905694246292114,0
-0.7905694246292114,0
0.7094305753707886,0
1.2094305753707886,0
-0.19163596630096436,0
-0.22330856323242188,0
-0.22935838997364044,0
-0.2080060839653015,0
1.661033034324646,1
1.4008699655532837,0
0.2854853868484497,0
0.4008699953556061,0
-0.022206930443644524,0
0.13163922727108002,0
-0.18927021324634552,0
-0.19555218517780304,0
-0.17603319883346558,0
-0.26487821340560913,0
1.6565073728561401,1
0.42583468556404114,0
0.7858346104621887,0
0.6458346247673035,0
0.7458346486091614,0
1.125834584236145,0
1.2210146188735962,0
0.3055216670036316,0
0.798479437828064,0
-0.04659102112054825,0
0.02383151650428772,0
0.14689886569976807,0
1.4127217531204224,0
0.11525329202413559,0
0.4000634253025055,0
0.17854443192481995,0
-0.37862059473991394,0
-0.27862057089805603,0
1.321379542350769,0
0.7713794112205505,0
-0.328620582818985,0
-0.316631019115448,0
1.2742780447006226,0
-0.9984492063522339,0
0.8197325468063354,0
-0.7711764574050903,0
0.915989339351654,0
0.22321826219558716,0
0.0726158618927002,0
0.1328568309545517,0
1.15695321559906,0
-0.1812969595193863,1
1.4853696823120117,0
-1.8479636907577515,0
0.2353696972131729,0
-1.8479636907577515,0
1.6604294776916504,1
-0.2316807359457016,0
-0.20787526667118073,0
-0.19427213072776794,0
-0.21382662653923035,0
0.8801098465919495,0
0.9143564105033875,0
0.4006577432155609,0
0.8801098465919495,0
0.8458632826805115,0
1.6461150646209717,1
-0.22426962852478027,0
-0.17471657693386078,0
-0.2485603392124176,0
-0.1125323548913002,0
1.6359223127365112,1
-0.12763194739818573,0
-0.23606568574905396,0
-0.24961990118026733,0
-0.0869693011045456,0
1.6593657732009888,1
-0.2102755755186081,0
-0.23520995676517487,0
-0.20896323025226593,0
-0.1862160712480545,0
-0.14843589067459106,0
1.395681619644165,0
0.43979936838150024,0
0.219211146235466,0
0.1456817388534546,0
0.38210195302963257,1
0.6651208400726318,0
1.2311586141586304,0
0.09908311069011688,0
0.5236113667488098,0
1.6213372945785522,1
-0.15981297194957733,0
-0.06396631896495819,0
-0.1678001880645752,0
-0.18377463519573212,0
0.32800427079200745,0
1.439115285873413,0
0.23541167378425598,0
-0.04236609861254692,0
0.05022649094462395,0
1.6126201152801514,1
-0.1707763820886612,0
-0.2356763333082199,0
-0.24108466506004333,0
0.05096510052680969,0
1.5808563232421875,1
0.030856197699904442,0
-0.052477139979600906,0
-0.12747713923454285,0
-0.15247714519500732,0
0.1246119886636734,0
1.0174691677093506,0
0.3031834065914154,0
0.4817548394203186,0
1.0174691677093506,0
0.8958894610404968,0
1.0683032274246216,0
0.7234756946563721,0
0.46485504508018494,0
0.7234756946563721,0
1.6590808629989624,1
-0.2040918618440628,0
-0.20711159706115723,0
-0.2205326110124588,0
-0.20509843528270721,0
1.6598196029663086,1
-0.1909724771976471,0
-0.21675215661525726,0
-0.20480547845363617,0
-0.23089954257011414,0
1.1772663593292236,0
0.12463463097810745,0
-0.2043127417564392,0
0.7167398929595947,0
0.519371509552002,0
1.6575944423675537,1
-0.19618158042430878,0
-0.23839719593524933,0
-0.1971093863248825,0
-0.19618158042430878,0
1.1971369981765747,0
0.10739344358444214,0
0.0432908833026886,0
0.8766241669654846,0
0.10739344358444214,0
1.0461711883544922,0
0.2128378450870514,0
0.3980230391025543,0
0.8609859943389893,0
0.7683933973312378,0
1.642980933189392,1
-0.0810391902923584,0
-0.21093891561031342,0
-0.20638103783130646,0
-0.24740199744701385,0
1.6412957906723022,1
-0.2502533197402954,0
-0.07138009369373322,0
-0.20518290996551514,0
-0.21081671118736267,0
1.2719757556915283,0
-0.5137385725975037,0
-2.6565957069396973,0
-1.5851671695709229,0
0.5576900243759155,0
0.6809359788894653,0
0.7075316905975342,0
1.0000848770141602,0
0.9734891653060913,0
0.38838279247283936,0
1.6140490770339966,1
-0.22321158647537231,0
0.014883648604154587,0
-0.13484634459018707,0
-0.23425723612308502,0
0.8961697220802307,0
1.1914453506469727,0
-0.06839722394943237,0
0.06939805299043655,0
-0.08808226138353348,0
-0.2805500030517578,0
1.386116623878479,0
-0.2805500030517578,0
0.1361166387796402,0
0.5527833104133606,0
1.1757285594940186,0
0.5722803473472595,0
0.39986658096313477,0
0.7446941137313843,0
0.6584872603416443,0
0.06199082359671593,0
0.29847729206085205,0
1.4809097051620483,0
-0.10692808777093887,0
0.028207043185830116,0
1.1036587953567505,0
0.31598761677742004,0
0.9666724801063538,0
0.14475472271442413,0
0.11050815135240555,0
1.6247316598892212,1
-0.08258547633886337,0
-0.07387467473745346,0
-0.1784042865037918,0
-0.3177771270275116,0
1.649919033050537,1
-0.16395847499370575,0
-0.15448878705501556,0
-0.20872431993484497,0
-0.25262928009033203,0
0.0810871571302414,0
1.504698395729065,0
-0.1272461861371994,0
-0.1272461861371994,0
0.2546982765197754,0
1.5997569561004639,1
-0.14815381169319153,0
-0.24216493964195251,0
-0.14119002223014832,0
0.04857320711016655,0
-0.44054198265075684,0
0.11501356214284897,0
-0.16276420652866364,0
-0.16276420652866364,0
1.5964949131011963,0
1.638799786567688,1
-0.1688237339258194,0
-0.21200419962406158,0
-0.16286779940128326,0
-0.14797799289226532,0
0.05429422855377197,0
-0.11237244307994843,0
1.3876276016235352,0
0.05429422855377197,0
0.554294228553772,0
-0.056491754949092865,0
0.09975824505090714,0
1.0372581481933594,0
1.0372581481933594,0
0.25600823760032654,0
0.04312337934970856,0
-0.06325960159301758,0
0.25588932633399963,0
0.36227232217788696,0
1.4261020421981812,0
1.6041911840438843,1
-0.23938430845737457,0
-0.16955189406871796,0
-0.06480329483747482,0
-0.0159206073731184,0
1.4209671020507812,0
-0.17278283834457397,0
-0.17278283834457397,0
0.045967161655426025,0
0.514717161655426,0
1.5707378387451172,1
-0.1320181041955948,0
-0.12217558920383453,0
0.0549897626042366,0
-0.033592913299798965,0
0.912708580493927,0
0.26754727959632874,0
0.2272246927022934,0
1.0739989280700684,0
0.6304505467414856,0
1.6509698629379272,1
-0.16594289243221283,0
-0.14799314737319946,0
-0.2666608691215515,0
-0.21081724762916565,0
1.5747981071472168,1
-0.0951622948050499,0
-0.15445083379745483,0
0.05305904522538185,0
-0.06551802903413773,0
-0.19107435643672943,0
0.34463992714881897,0
0.34463992714881897,0
0.43392565846443176,0
1.3267828226089478,0
1.660776972770691,1
-0.1901465803384781,0
-0.22048959136009216,0
-0.21257402002811432,0
-0.2270859032869339,0
1.6547714471817017,1
-0.24003717303276062,0
-0.14850711822509766,0
-0.20998252928256989,0
-0.21408088505268097,0
1.660171389579773,1
-0.23160597681999207,0
-0.2097790241241455,0
-0.21759763360023499,0
-0.18730053305625916,0
1.6602002382278442,1
-0.23051530122756958,0
-0.2054581493139267,0
-0.1935889720916748,0
-0.2164481282234192,0
1.655386209487915,1
-0.23244363069534302,0
-0.15790796279907227,0
-0.2666567265987396,0
-0.16646122932434082,0
0.18075403571128845,0
-0.15257930755615234,0
1.014087438583374,0
0.6807540655136108,0
0.8474206924438477,0
1.6000339984893799,1
-0.09148357063531876,0
-0.06994613260030746,0
-0.22402167320251465,0
-0.05172213912010193,0
1.6540241241455078,1
-0.21665892004966736,0
-0.22337420284748077,0
-0.17157067358493805,0
-0.1907571703195572,0
0.3685222268104553,0
0.9240778088569641,0
0.6463000178337097,0
-0.18703335523605347,0
0.9240778088569641,0
1.628807783126831,1
-0.27124354243278503,0
-0.06954777240753174,0
-0.15176770091056824,0
-0.15819114446640015,0
1.650579571723938,1
-0.2300383299589157,0
-0.15279114246368408,0
-0.24267879128456116,0
-0.15981361269950867,0
1.6587107181549072,1
-0.22909188270568848,0
-0.2030211240053177,0
-0.19510677456855774,0
-0.20767660439014435,0
1.6367779970169067,1
-0.18456055223941803,0
-0.21296964585781097,0
-0.2113913595676422,0
-0.08355044573545456,0
1.5941106081008911,1
0.005127454176545143,0
-0.22262679040431976,0
-0.10080475360155106,0
-0.09021153301000595,0
1.6599152088165283,1
-0.1880643665790558,0
-0.23173826932907104,0
-0.22600330412387848,0
-0.19909313321113586,0
1.375316858291626,0
0.5159417986869812,0
0.1253167986869812,0
0.2034417986869812,0
-0.1090582087635994,0
-0.02279149927198887,0
0.2358291745185852,0
-0.19520528614521027,0
-0.1089983880519867,0
1.5289325714111328,0
0.35536181926727295,0
0.45740264654159546,0
0.8995795249938965,0
0.44039586186408997,0
1.1376748085021973,0
1.637962818145752,1
-0.21990641951560974,0
-0.21216990053653717,0
-0.05743956193327904,0
-0.22653771936893463,0
1.6127419471740723,1
-0.25959843397140503,0
0.07018880546092987,0
-0.18513034284114838,0
-0.24896012246608734,0
