0.06407879833306884,0
0.08168200078679266,0
0.09545287776027056,0
0.07408753422002157,0
0.10551700954077692,0
0.2639591947954063,0
0.2595511900809333,0
0.22906013390617197,0
0.13595215371765113,0
0.15263797232217424,0
0.07398708336635895,0
0.11460026324796546,0
0.09699337514841888,0
0.25775100095551995,0
0.08022176535667036,0
0.21465429201815844,0
0.12352821489751964,0
0.2625346478136179,0
0.24359302150862394,0
0.14534910143209867,0
2.6758232112137135,1
0.7270124105189564,0
0.7401418760246186,0
0.7339354626603933,0
0.6838506299059697,0
2.879115793030798,1
0.7365952926854411,0
0.8078315331794297,0
0.7491259623716502,0
0.7458396959026157,0
2.793382614247543,1
0.7435880293243908,0
0.8721264272628373,0
0.7424709828189435,0
0.7923046443406845,0
0.05770891371418463,0
0.09899994300780035,0
0.04521767411559585,0
0.06992298279189635,0
0.03239702537901934,0
0.11907341096778401,0
0.03707099574412709,0
0.036827697998123465,0
0.03733569906930434,0
0.0378650855744862,0
1.843933880999705,1
0.5966207313333864,0
0.6777078320466199,0
0.5316010708258023,0
0.5756338037442847,0
0.08067391895511822,0
0.13316328154261825,0
0.05620215449774291,0
0.06710043190782677,0
0.07465480358238974,0
1.70554231826089,1
0.6304756855214144,0
0.8066822589594977,0
0.47684020942976035,0
0.5192271838081228,0
0.03761836285848297,0
0.03128837384751826,0
0.09955194446674565,0
0.04531282507360723,0
0.06239726241421373,0
0.1360309670126254,0
0.09713008435742543,0
0.1114428365291138,0
0.12529902519465708,0
0.23021482950350247,0
0.23633200953104438,0
0.11785549553416308,0
0.23760307390925473,0
0.24702400006316427,0
0.2035103570825716,0
0.683062251811557,1
0.1930421841220289,0
0.2842054585042266,0
0.2681876438658506,0
0.21042616935764435,0
0.12035216265063342,0
0.1273410531684851,0
0.1793422251036727,0
0.33769137504298863,0
0.12141079622680673,0
0.09447100667726804,0
0.1255951509862765,0
0.07744335423804172,0
0.09081641495518689,0
0.09995174203192292,0
1.565518639151775,1
0.7403780597268388,0
0.4929846194935865,0
0.432569902692427,0
0.6051543781633115,0
0.13637306854551,0
0.23240342149150228,0
0.12261220831108233,0
0.15119569225116258,0
0.10236979370598931,0
0.14777780347954916,0
0.11818694677127528,0
0.10699710395822404,0
0.12223915618633319,0
0.12102056822596596,0
0.051364180531103365,0
0.08922359029527716,0
0.058443914759064075,0
0.13154606610699293,0
0.04359643921001721,0
0.08127237056771097,0
0.0719155274034291,0
0.10288113091447482,0
0.083022166827452,0
0.07072264774587733,0
0.043732814996652714,0
0.14716155146004484,0
0.047799790326127134,0
0.05480968292577959,0
0.044707645744185065,0
0.09010277949089396,0
0.12302004813521261,0
0.10742768150830129,0
0.0706475401945954,0
0.07188007834305932,0
0.23694622832211953,0
0.38651665155491477,0
0.29047359275368123,0
0.21811451203902932,0
0.34363159623816353,0
0.07974819622458007,0
0.050227875949990786,0
0.0777722312860547,0
0.0687422266006954,0
0.08597596517311867,0
1.619933994520094,1
0.4797027339275748,0
0.5590593726773738,0
0.6164597947779509,0
0.4431311520454342,0
1.805110717316425,1
0.5229187288197501,0
0.5577958584451008,0
0.7885615056344655,0
0.6162891690415857,0
0.03332240104588502,0
0.06437030770554042,0
0.07947547325531579,0
0.03503138779160464,0
0.027969787593229434,0
0.21634679413769842,0
0.09436686310528852,0
0.12305254430447077,0
0.1026744756476714,0
0.19135501898438756,0
0.06856586291489375,0
0.13943293159980463,0
0.0655478188968992,0
0.05951745230292271,0
0.09674759085429319,0
2.7666073908574873,1
0.7738331539584267,0
0.7466333864972876,0
0.8877296182856873,0
0.7572648634423871,0
0.09049133250589492,0
0.08556637287462454,0
0.091917808079101,0
0.11420931561230052,0
0.0742345753208058,0
0.2176586212414584,0
0.1200886784640014,0
0.0905928004376717,0
0.1371969322526465,0
0.09467136608674709,0
0.08262413495488197,0
0.07499105007048223,0
0.047568115300821834,0
0.11073566004625413,0
0.08975046635953188,0
0.08659891407203801,0
0.09384053710996687,0
0.05948617140203982,0
0.047443766035303536,0
0.06634468722146192,0
0.20670713786936235,0
0.10910441169276464,0
0.14731989491500963,0
0.06580707326962054,0
0.09336181540439314,0
0.4437739908823968,1
0.12576331279977282,0
0.12309589405864374,0
0.13694422889750957,0
0.15124174995560002,0
2.6483566236133878,1
0.8176455231454476,0
0.7152527685817427,0
0.6974346911354958,0
0.7569415571215519,0
0.2840242727150848,0
0.2494778905089703,0
0.15310079228882634,0
0.2252774882503168,0
0.20246230914749752,0
0.11906557137542162,0
0.06332417804460588,0
0.04642175276699767,0
0.05300923594510554,0
0.06584897435867632,0
0.19004250260771638,0
0.08283344583170127,0
0.12436431347480026,0
0.09717790368419088,0
0.09566250785632224,0
0.15396779282697404,0
0.17840167077023938,0
0.13076535851250304,0
0.08355423860228317,0
0.13653824858279995,0
0.521192020176156,1
0.1879429052654764,0
0.2046673248505666,0
0.16294194320487376,0
0.1651302282385072,0
0.5773959643087703,1
0.1781533754381126,0
0.17593383863733836,0
0.30501050943947927,0
0.18360155238355969,0
0.09044759442841555,0
0.2116060750650055,0
0.11370691721971715,0
0.1486147861605751,0
0.12202675182070255,0
0.049393670332328554,0
0.04260077098485304,0
0.15160160733688244,0
0.05192115114213136,0
0.05516805748287679,0
2.7080723414502614,1
0.7872827051957079,0
0.8610347164630157,0
0.749153285180963,0
0.7153037535171989,0
0.04687602441326355,0
0.05253397131032722,0
0.04257840744607444,0
0.05724694525426255,0
0.06542248072195456,0
0.2011102373373408,0
0.16869470657067254,0
0.270777707396225,0
0.26440183521940597,0
0.1845967568695568,0
2.4671734603029876,1
0.6842309682117973,0
0.658320256460474,0
0.7513482452935714,0
0.8074859431032722,0
0.2854262316575631,0
0.23718824520192383,0
0.216174758323187,0
0.20749192222308244,0
0.17155433848309132,0
0.030517041918563415,0
0.02704127259515321,0
0.09210496814449343,0
0.029659405261386773,0
0.034749765044378655,0
0.04785492585340245,0
0.07610099053534558,0
0.04265552100957093,0
0.040684550646576945,0
0.05572258063593072,0
1.5226604435350217,1
0.42668948986500377,0
0.5850864937886531,0
0.5478091713633599,0
0.4053792558967162,0
0.171401261632242,0
0.10130281076070569,0
0.15644846101924514,0
0.19494716371432563,0
0.10904267494220488,0
0.06359915091540014,0
0.05690128941803785,0
0.03856544702724163,0
0.046593038313329505,0
0.04286101728962155,0
0.17806519597055814,0
0.2205107249314313,0
0.1346164722988319,0
0.11659494872309839,0
0.12128315444079352,0
0.1212661049891488,0
0.11028664860504467,0
0.12145016149271193,0
0.18578070419703163,0
0.08757623614455223,0
0.14242249146296215,0
0.05406500403236736,0
0.06296574821470236,0
0.08100846398279371,0
0.14289165182261643,0
0.0763136176174708,0
0.23783371867722547,0
0.09363400968873492,0
0.06247819455756609,0
0.11056701763366039,0
1.88884039884067,1
0.48585303122265255,0
0.5451499396358859,0
0.49605867377804724,0
0.49786235132261947,0
0.06366674985823328,0
0.0933678153493287,0
0.08247989924949195,0
0.10517646964695171,0
0.06675918032870332,0
0.12543057870372154,0
0.07731942802275249,0
0.0817870561109264,0
0.12173130282072364,0
0.08558072453911958,0
1.8831733674493094,1
0.7954959521860179,0
0.5922822902730558,0
0.6122278948063133,0
0.5722728726221833,0
2.574150761263264,1
0.7926006423102994,0
0.6809912323101477,0
0.6368673572676262,0
0.6856610325490076,0
0.6090408083941865,0
0.5667648130290881,0
0.530939820119956,0
0.5588836351017537,0
1.704320881408826,1
0.17807172523797954,0
0.14777924155186772,0
0.07257595139468132,0
0.07719509639130662,0
0.06579822732299334,0
0.1812714774310087,0
0.2082896032604724,0
0.09772354391533522,0
0.10319112508588102,0
0.24879679353594852,0
0.008294305086758769,0
0.011686019195980446,0
0.006480517951416687,0
0.00787483674051348,0
0.011318441060141904,0
0.49216716162321017,0
0.5368389798441919,0
0.5791985280790568,0
0.48920693360025336,0
1.7636713832663347,1
0.09316795675631706,0
0.0894245562174465,0
0.08374985779965982,0
0.09063570113760955,0
0.05446947119971712,0
0.9301923572797728,0
0.8916826480004607,0
0.9294785399635646,0
0.8892800140814945,0
3.1714370521502384,1
0.23328400362329216,0
0.14146199862952402,0
0.19473109423163315,0
0.14230055644477124,0
0.2083753398374384,0
0.8578517407019337,0
0.8196975124738595,0
0.8022654560338016,0
0.8626743522195333,0
3.0638633982911303,1
0.08352727575630503,0
0.079839367726672,0
0.13971912613001303,0
0.16790989266422596,0
0.1043529797142102,0
0.23012847251592738,0
0.20896518316117474,0
0.16083296348549947,0
0.14073362175647253,0
0.248005044383377,0
0.06681675137610421,0
0.05349608296998465,0
0.04157246283843241,0
0.07263191010077508,0
0.06315240877618189,0
0.28624995897033045,0
0.10709357994235846,0
0.10837925120092784,0
0.09125432632703223,0
0.12200224457136422,0
0.08657490181198924,0
0.09269299629854544,0
0.09311473688776184,0
0.08065022181949066,0
0.09532123015345606,0
0.24676912803652762,0
0.19446072890809063,0
0.1862859894506088,0
0.19233150599309967,0
0.37450356301387533,0
0.049843754248047656,0
0.07554047714370249,0
0.046896114858453686,0
0.059654023471227724,0
0.0730532330179745,0
0.16117125871809979,0
0.1558862993149086,0
0.18357967565462108,0
0.1347256786574591,0
0.2383111388471182,0
0.11236447887771739,0
0.07849565536562686,0
0.05971449554717623,0
0.206982319500423,0
0.10269839330982622,0
0.06070177960029666,0
0.08501052658378683,0
0.14288365962503358,0
0.06974116302968447,0
0.0759651473262144,0
0.09110446097685987,0
0.08497293259161642,0
0.12780069603349098,0
0.12832107326854958,0
0.10878896249625036,0
0.9213192688701493,0
0.9206554306968515,0
0.921529438183287,0
0.8704729085160747,0
3.0706858868874507,1
0.07249265312641784,0
0.057682274649768495,0
0.0658699463502117,0
0.03632237114564596,0
0.05515477729650087,0
0.1414234403150365,0
0.05687336502945417,0
0.07569257973531052,0
0.07794488817162115,0
0.06839929287396318,0
0.6181420301468377,0
0.5785350478350928,0
0.45842132790660006,0
0.42550363078640885,0
1.5729414988707684,1
1.0370009458735652,0
1.058100164549506,0
1.0334114896962396,0
1.044902546636561,0
3.9904695892752913,1
0.09312188249338949,0
0.05825625441680593,0
0.031022374468614,0
0.03881509307473774,0
0.02778718298015459,0
0.12610708548388638,0
0.05737961952780912,0
0.16228704725022425,0
0.05465720676525665,0
0.08511370396594975,0
0.05779544234537903,0
0.1527235910278386,0
0.05641592406611018,0
0.05593353318936245,0
0.08981722813759241,0
0.04183877578780315,0
0.0509089416257833,0
0.03957811966503755,0
0.028200938561426803,0
0.04496466266122656,0
0.12357911980900615,0
0.08278158113122203,0
0.1199192750434448,0
0.09420546363099902,0
0.2030828094971584,0
0.048062462239066406,0
0.04004072778001344,0
0.04938140434417537,0
0.06544226367011152,0
0.02961128031637017,0
0.3644520202077697,0
0.4999587521221116,0
0.3405872472893017,0
0.3422647058696593,0
1.2273998744475358,1
0.1475799506836677,0
0.1709236630409281,0
0.10307582518943148,0
0.2987703302245488,0
0.16639005437856325,0
0.026781903324870182,0
0.03812825455580926,0
0.0670455776491008,0
0.048191716986880184,0
0.036067384241474265,0
0.18102749598513235,0
0.22661963477801184,0
0.12474760963307752,0
0.08788372333954664,0
0.08256156934574,0
0.10887690530943672,0
0.11064175556422473,0
0.2293387583933031,0
0.24947922139409595,0
0.1658055112043808,0
0.07115863908029674,0
0.0837948834583564,0
0.06982838532156199,0
0.08309448469970482,0
0.0795683166241421,0
0.06355518950270778,0
0.1855255588468796,0
0.12306055857130005,0
0.11794498893037053,0
0.06836060656798182,0
0.0671015566709312,0
0.05938965402172336,0
0.19011997191388197,0
0.06594179390206767,0
0.09856879164557197,0
0.42149545697572766,0
0.46694007653395886,0
0.543016848052456,0
0.4274935762542498,0
1.6288619348198066,1
1.0233500079804054,0
1.0347530969121679,0
1.0602404889997352,0
1.0190406746917033,0
3.988212499155919,1
0.37284188526445927,0
0.4698673794420869,0
0.43000158561118607,0
0.4849529893188409,0
1.4046281088935997,1
0.024261197803160606,0
0.018494700089171978,0
0.026371655215878587,0
0.02531326296236136,0
0.05999961923149222,0
0.07179090246878905,0
0.16951936284667557,0
0.0861782479144888,0
0.06323351780223518,0
0.057421078880561804,0
0.0766389243684924,0
0.0730611391649556,0
0.14713887578092066,0
0.18991980489015114,0
0.12447033165947019,0
1.077417883436277,0
1.0392849952353909,0
1.0353700517914168,0
1.0300015248056287,0
3.99198538107873,1
0.04897058779667063,0
0.04365457917876414,0
0.056450548773814724,0
0.04306331395662388,0
0.05552136859526646,0
0.16123885335310906,0
0.11697626427450425,0
0.1792302635372427,0
0.11000210892389672,0
0.1470878544252896,0
0.14683580506138671,0
0.07561452287424153,0
0.15438168380264772,0
0.08247180605820637,0
0.0630625692637028,0
0.4518088778049516,0
0.50558290867736,0
0.44296839347943306,0
0.5253369117330542,0
1.6393921910269715,1
0.4949065785564746,0
0.5669152357342804,0
0.6218413129725047,0
0.5990670718277684,0
1.6296115253800054,1
0.17111490110121386,0
0.08895636053526745,0
0.10156000672276333,0
0.11418116104696008,0
0.21008561378206636,0
1.029815888558847,0
1.026952306196053,0
1.0314586493944682,0
1.0850723409769922,0
3.990448513068102,1
0.2408275858612816,0
0.12623167777043864,0
0.16223529726038333,0
0.24746681747026145,0
0.12429700238757979,0
0.0693292294692105,0
0.08732060058093705,0
0.09147090368509048,0
0.05370744583472842,0
0.05417534651083411,0
0.13609123028884174,0
0.1412760852375019,0
0.1241467286837592,0
0.11307424856276249,0
0.1316849800313662,0
0.0753825336425411,0
0.10027516021009486,0
0.0873235044410059,0
0.09481768251975753,0
0.07648953719616314,0
0.3163879374436567,0
0.2245362845352239,0
0.15102525521973886,0
0.18021719769065125,0
0.1537680307715319,0
0.04631671338364196,0
0.026501336344005644,0
0.037910459739820546,0
0.05177997361054176,0
0.04507612900587743,0
0.3188003339128733,0
0.299537890633796,0
0.29984658051404267,0
0.2953717534333107,0
1.0972562146318365,1
0.025546459456753823,0
0.03915075889505104,0
0.036764758222202154,0
0.0665821342974664,0
0.023071099193344047,0
0.08464835031279039,0
0.05519547600171837,0
0.07576641756951963,0
0.0589599448429432,0
0.05911349258830079,0
0.21532995186377635,0
0.15355906648877582,0
0.21514940879304412,0
0.20936045279274973,0
0.22060123808987075,0
0.07180463934686321,0
0.11281608574372815,0
0.10421045861669542,0
0.06366174582112238,0
0.1462091764416984,0
0.2770904836551469,0
0.22147297436657043,0
0.11350106669012483,0
0.13387920378480267,0
0.19722931422439682,0
1.0224767467334575,0
1.0160494531677382,0
1.0171751007093328,0
1.0328115062520355,0
3.989174516873272,1
1.053521449286913,0
1.055458372055297,0
1.05513103978929,0
1.0463602691694476,0
3.992825709069199,1
0.0013334686073984692,0
0.0011657460786076435,0
0.00042816513651544597,0
0.0003862544099182408,0
0.0004821631446549901,0
0.01777634376722359,0
0.00740987990526687,0
0.007606182177343435,0
0.0075245369184133715,0
0.005616012199474163,0
0.0019841660344117606,0
0.0025704132771382504,0
0.0011866957191157823,0
0.001351266208615698,0
0.0018888188476768875,0
0.0028200725525335812,0
0.001421192102629032,0
0.0025993187114607963,0
0.0020693918803300626,0
0.0021883828459317023,0
0.00982918591261095,0
0.0031323819286028787,0
0.0041010629867912485,0
0.0042019645387201265,0
0.006714561079299131,0
0.46509436626201417,1
0.11691875247049666,0
0.11583663598802163,0
0.11563100195564413,0
0.1178767460609822,0
0.0031154555240267,0
0.0028096127940520077,0
0.002280392444008683,0
0.0019868929022361925,0
0.0021391834214941063,0
0.0008733999089578504,0
0.0006806169025423969,0
0.0007294329658362741,0
0.0016868562894689632,0
0.0016305696636838007,0
0.0014743962197911742,0
0.0021009495368695674,0
0.0007613074966510425,0
0.0009060789657961976,0
0.0017257161916690578,0
0.0020373964231605868,0
0.0009805688027664239,0
0.0016642484882973818,0
0.0008231519310619717,0
0.0006908981869191422,0
0.9360147277312452,1
0.23460471092008905,0
0.23514724685050048,0
0.23419686006117768,0
0.2341421975465332,0
0.0032006072644197303,0
0.002909911943949073,0
0.0036758971666763784,0
0.0018988449955616993,0
0.003736917188258637,0
0.012328384705554196,0
0.008889194127597921,0
0.003799767049133873,0
0.0037583552598854375,0
0.0057720512000485336,0
0.0014567020301656797,0
0.0007367245066438599,0
0.0011796914709418793,0
0.0004769218884153048,0
0.0007184954630683471,0
0.4697252837044479,1
0.11651378231213716,0
0.11939654936907562,0
0.11813726498354349,0
0.11754933187894068,0
0.0025784417036600615,0
0.00182481896500164,0
0.0009343811701292282,0
0.0011698857882529445,0
0.0009670127229433056,0
2.198230845399489,1
0.5515536537412769,0
0.5506977398484247,0
0.5521516527167392,0
0.5530366535594169,0
0.0034929061794226612,0
0.002677240517484858,0
0.0020473414387018884,0
0.0033679741766530213,0
0.0013428203067107347,0
0.003030377003942597,0
0.005127017295856184,0
0.002088132428585965,0
0.005361002784227242,0
0.0022254042104781213,0
0.9479976940673116,1
0.23666406256797057,0
0.2373508224569223,0
0.23867021998469617,0
0.24056306657830362,0
0.005156677817439004,0
0.009750901418425606,0
0.005921747286539603,0
0.007047484581823138,0
0.005567936486173153,0
0.001535174270983486,0
0.0010185083526321748,0
0.0012765426161065463,0
0.0012341610880910459,0
0.001682784456775277,0
0.001740285386294893,0
0.005038490459552847,0
0.0028320223644220377,0
0.0027213057902892857,0
0.003923901612000069,0
0.00021784672407587635,0
0.00035084541934171654,0
0.0007170931221502919,0
0.0002919236183940299,0
0.00021222649719510045,0
2.2152993260791565,1
0.5608426771442461,0
0.5564257435065132,0
0.5620836154211295,0
0.5554438738654159,0
0.0021472033563356696,0
0.004387024006660134,0
0.00498257909760369,0
0.002919137492367163,0
0.0031510353144481584,0
0.0023405921850954137,0
0.0016243326202198816,0
0.001649468374147478,0
0.0020819688886009047,0
0.00343316228010071,0
0.0009864751651234016,0
0.0017729129283319267,0
0.001228169493371567,0
0.0023916037142872604,0
0.0022924842756664177,0
0.0010650825649176632,0
0.0006622551808934674,0
0.0014726026326821184,0
0.0007001402205273344,0
0.0007205206774889561,0
0.0037837890478522596,0
0.004005497973932126,0
0.004856883189908512,0
0.004296660164664345,0
0.006685762277426566,0
0.0014189018994636982,0
0.002594576371690138,0
0.0014659897847204562,0
0.002933785967814906,0
0.0013343312133100582,0
0.0002726049410339826,0
8.546913359008812e-05,0
0.00020044963158749596,0
0.0001297107685185317,0
9.598792074383411e-05,0
0.4752164188807977,1
0.11848643385271096,0
0.12185991140183461,0
0.12540317227126652,0
0.118524380174446,0
0.0010001080967567688,0
0.003928445600388741,0
0.0020380308992296037,0
0.0014304610593343092,0
0.0010041913320648632,0
0.0007203454329554049,0
0.0007569800060136522,0
0.0016203264987084687,0
0.00046561631275476856,0
0.0004503479867086213,0
0.0028072206753457785,0
0.0023981539062880586,0
0.004846559584690713,0
0.008422055616191582,0
0.004989133392302225,0
0.0003676245446793125,0
0.0003405111478658185,0
0.00012124127674439933,0
0.00011628163577093176,0
0.00012274385875432614,0
0.9438966767237371,1
0.2375243440319177,0
0.23558672963344396,0
0.2368347860200446,0
0.2381500542420767,0
2.21145498547672,1
0.554846721640343,0
0.5538091612374982,0
0.557077413373174,0
0.5536148788225517,0
0.46797055977001545,1
0.116695333279067,0
0.11739919450437641,0
0.11664740172883814,0
0.11877523354501074,0
0.0037321090801722967,0
0.0009942266643010456,0
0.0009964700432081308,0
0.0023567480483537295,0
0.001306696789923567,0
0.0010210770547343095,0
0.0010675637658872361,0
0.0015591242941757066,0
0.00373432617046765,0
0.0017920968067945964,0
0.003967173675768265,0
0.001701935985548797,0
0.004951606122802321,0
0.0014309159076599798,0
0.0014144137244471722,0
0.0005134002420748018,0
0.0003998852263089603,0
0.0008620903664153801,0
0.0003787220892643717,0
0.0010699800313331842,0
0.0010787744684979117,0
0.0012415356037673853,0
0.0010164261148033482,0
0.0012418511351075523,0
0.000605810530011297,0
0.005814533364264296,0
0.011225731997086097,0
0.0042286112600860015,0
0.004601458770704614,0
0.004001424605630355,0
0.4529836517821839,1
0.11308544177873348,0
0.11377725892036761,0
0.11343454396763608,0
0.1131484237224627,0
0.0011671964198187723,0
0.0011974158607936936,0
0.0008385427040122906,0
0.0020924864512621433,0
0.0011330243264469075,0
0.0022002521544841613,0
0.0013226646948707454,0
0.0014592167508151732,0
0.0019346989516098034,0
0.0029199758477416182,0
0.003321533594859094,0
0.002855370193701745,0
0.002004833180127008,0
0.001851269090661134,0
0.0030785156472470376,0
0.0006385586615578198,0
0.0010269313758528575,0
0.0005023236832046862,0
0.0005603060792824799,0
0.001306199641177841,0
0.9439528462084827,1
0.23895543936275,0
0.2362229207330122,0
0.23624420400366652,0
0.23563431381786737,0
0.0024302405206739763,0
0.0035294881982537163,0
0.0021526579928146106,0
0.004943570647915063,0
0.0029869194674572164,0
0.0025881591529346437,0
0.002432140526257953,0
0.0044648892141077035,0
0.001856189516771689,0
0.0028023364596010403,0
0.00311894401976609,0
0.003315030084196202,0
0.0058406981789205226,0
0.003230667499670048,0
0.004605645141967152,0
0.0025204335599147143,0
0.0027153048247683387,0
0.004366407624954771,0
0.0030527964813997777,0
0.0018725223888877984,0
0.001491470296873576,0
0.004219864585679467,0
0.0016876320490784025,0
0.0020607669457266553,0
0.0026480215295547893,0
0.00024853098843635735,0
0.00021762976316619387,0
0.0003281435137507671,0
0.0002673895439047058,0
0.00012460168023409324,0
0.0034914573542219607,0
0.0007972307482821961,0
0.0008915118289456458,0
0.0008637388753385267,0
0.0012518250892883387,0
0.0011447849337988814,0
0.0007570683248991905,0
0.0005556351851145891,0
0.00047328375539557044,0
0.0007696532591472405,0
0.0015826186571299417,0
0.0032109859223323767,0
0.00494745978851574,0
0.0018462465917989945,0
0.002029219941708682,0
2.2068560817430445,1
0.5521964537891377,0
0.5533507379216651,0
0.5541630417904897,0
0.5539564941395834,0
0.0012217010418087426,0
0.0009301793590630325,0
0.0017757822852346727,0
0.0035019881706670475,0
0.0009094587026643453,0
0.9393788514115022,1
0.23928580994649362,0
0.23691536474162644,0
0.24505616693214982,0
0.2381449289026043,0
0.475225331913653,1
0.119637768082542,0
0.11903043203083019,0
0.11843197922463933,0
0.11868334159510452,0
0.002423883782362246,0
0.004913869392179748,0
0.001998087890906941,0
0.001473845953993802,0
0.001419713074595652,0
0.0021494891166593533,0
0.00384321764693496,0
0.0044359387257957295,0
0.0014801999972133828,0
0.002035182731797036,0
0.8646608477731923,0
0.86269305068316,0
0.8627667377645167,0
0.8626627984924649,0
3.439004862559125,1
0.003619436301741885,0
0.002474829898026165,0
0.003124490498942478,0
0.0028428885182902874,0
0.006239635022083689,0
0.0009330964616487414,0
0.0021083977259168662,0
0.0009410626591352944,0
0.0017714409635756212,0
0.0017602949195989481,0
0.8648102237104163,0
0.862390368475833,0
0.86391287348235,0
0.8627610928814686,0
3.4412888859771416,1
0.0012789312586098944,0
0.002262200386021096,0
0.0021187024648150476,0
0.0026071264981739617,0
0.001976703568358662,0
0.00213727639780803,0
0.003331695379411137,0
0.002107422725599939,0
0.004395810606586892,0
0.0024303242681416037,0
0.000677093711136223,0
0.0006938826128957132,0
0.001492351642853773,0
0.0011503593707002935,0
0.0005506433122843823,0
0.015620518000191375,0
0.012343117097178613,0
0.04781548843200323,0
0.01761882544977622,0
0.012284088912175584,0
0.0010619003317318132,0
0.0013555608512052508,0
0.00348714332485045,0
0.002326719245906439,0
0.0012381894336885857,0
0.872761497094535,0
0.8780166542276979,0
0.9249200828618545,0
0.8717739784002148,0
3.4709207291834625,1
0.0004944425779807027,0
0.00046403396142036257,0
0.0018425520242870697,0
0.0006059424034403627,0
0.0009141278394970698,0
0.0029059545370140327,0
0.003272957621420325,0
0.0019887432644978276,0
0.0020226663768316833,0
0.006526969253355386,0
0.009488219566040623,0
0.003951547153138613,0
0.0036752994471127565,0
0.00454910478335302,0
0.003299736766434247,0
0.0047087421878710956,0
0.0037748754297250997,0
0.0027434069186433874,0
0.0042065015471393075,0
0.0026459704916406146,0
0.0030835074163459986,0
0.004492800156998378,0
0.0024046422990546823,0
0.0036336369031069182,0
0.0025001051187838463,0
0.002199979203066693,0
0.0031575398661525256,0
0.0017276493703404228,0
0.003115954226135642,0
0.0027270817100073508,0
0.002278497594143225,0
0.0019498441220626717,0
0.002108237175542982,0
0.001587577351096492,0
0.0025293007423838887,0
0.0033062306857534196,0
0.00205910509259688,0
0.0011697965918955333,0
0.0010145151598059954,0
0.0011189197018213193,0
0.4361217586874937,0
0.43642660530768085,0
0.43770541210007563,0
0.4372897743592987,0
1.7462279266143135,1
0.0010728355617972696,0
0.0011421827817224006,0
0.0013633970256075045,0
0.0020397027659653233,0
0.0021703627070759346,0
0.0016911410003244143,0
0.0016427879674822954,0
0.0022594041747390214,0
0.0014162888105491156,0
0.002807277846501144,0
0.0006306425084399159,0
0.0005087749105943118,0
0.0005477326829965712,0
0.0007844237288985312,0
0.0004241215310152313,0
0.18330774753550827,0
0.1857350479133757,0
0.1842351401684037,0
0.1837569978878273,0
0.7363244810466072,1
0.4404108885930498,0
0.440122527581952,0
0.4475650429690017,0
0.44553178801049276,0
1.7602732840767503,1
0.0008865398562827309,0
0.0005550074326734489,0
0.0011555071735429578,0
0.0007601532281356072,0
0.000571453350024953,0
0.002098220532727346,0
0.0020034635305004045,0
0.0019009669573990529,0
0.002185665109870172,0
0.004212090025822235,0
0.0007133974647004493,0
0.0005714080482679407,0
0.0007645548516523881,0
0.0003728037291601538,0
0.0003924149358307538,0
0.0017594917365042484,0
0.0009956773412276299,0
0.0012969239178266534,0
0.0015560580190339124,0
0.000921926387595029,0
0.00041917895186438514,0
0.0004947128782495369,0
0.0003300217718260612,0
0.0006934898593868866,0
0.00024355095449557496,0
0.001788170455465199,0
0.0017930528625464959,0
0.0014703954330395064,0
0.006575300896001668,0
0.0018589415046288416,0
0.0012179701685144373,0
0.0007372212758820496,0
0.0006137380536932469,0
0.0006449027305373001,0
0.0014304362508550383,0
0.0010328805163091204,0
0.0008905269292833751,0
0.0006533273040707499,0
0.001031980396044574,0
0.0015582393892068502,0
0.0009079716273525662,0
0.0011319878920312831,0
0.000537229515662041,0
0.0004440116799537819,0
0.000376323956156277,0
0.19007461122008174,0
0.18287229019505746,0
0.18673402205294387,0
0.18246989315855044,0
0.7360105403855979,1
0.0028140434355825583,0
0.0031452509014870955,0
0.0034640779413219747,0
0.002988616837062086,0
0.002955489749996598,0
0.00046918253368666285,0
0.0010496786700304739,0
0.0005730394766736424,0
0.00193946473447415,0
0.0005466230799617833,0
0.0017837348689462296,0
0.0018616592035298751,0
0.004776474259267971,0
0.005355771112109942,0
0.0019832726049022753,0
0.007194516068898427,0
0.004620191205598534,0
0.003842002937261668,0
0.0040971329407213375,0
0.00431295085014316,0
0.44315303010093254,0
0.4412299765796277,0
0.4417672365227805,0
0.4505818791597993,0
1.7665827197751653,1
0.0007740255873533997,0
0.0007628969146793452,0
0.0008129903564264573,0
0.0016091143033767352,0
0.000815827912310052,0
0.0011242623947218533,0
0.0009192254779799569,0
0.003739011190877495,0
0.0009121734001609205,0
0.0021683806631518365,0
0.004063266239370034,0
0.0016102258114316648,0
0.0015079168112959174,0
0.0018064967500261986,0
0.0021996901844909544,0
0.10443545226340811,0
0.10506916848806691,0
0.10470764329489857,0
0.1041906974532405,0
0.41418862065575324,1
0.012231078430446463,0
0.018334877470415734,0
0.012627911004987613,0
0.03961374781102478,0
0.013126643073197108,0
0.002620853078661778,0
0.003722092005049138,0
0.0033958310713311235,0
0.0025721658409709747,0
0.0023204292778302715,0
0.011310018343385408,0
0.044982409702759796,0
0.013227095052098736,0
0.010812696608803574,0
0.013113003671741286,0
0.4490436754841589,0
0.44076502894049696,0
0.4401414609492118,0
0.4398648308894928,0
1.758373063756336,1
0.36881190691331245,0
0.3631656085378423,0
0.36184749882900036,0
0.3636598815563765,0
1.4448843806979794,1
0.8881625572043292,0
0.8895941954539781,0
0.8881672206624982,0
0.8880215200085155,0
3.5443679522151577,1
0.014190387568596474,0
0.043775259595966176,0
0.0160684869217409,0
0.014329428238379016,0
0.011633073920130244,0
0.18577619286085145,0
0.18168368319261852,0
0.18731181531297603,0
0.1820091119889451,0
0.7320460501597452,1
0.0016374434385517667,0
0.001854442152361635,0
0.0019173452579410721,0
0.0023880112401997167,0
0.0029605552876406094,0
0.18747518524658657,0
0.1828014649353853,0
0.18716819371594395,0
0.1867138169008924,0
0.7369956107709914,1
0.860673752401405,0
0.8605274439524524,0
0.8616033949158775,0
0.8609751922825453,0
3.436793383918772,1
0.0005362357818525787,0
0.001037840322184902,0
0.001231559313517927,0
0.0006820448770392673,0
0.000841293862409831,0
0.0014162652976761336,0
0.0008155821569739707,0
0.0022136554168588063,0
0.0021650685449827733,0
0.0011562491239258677,0
0.004726588893508854,0
0.0032588018479753345,0
0.003559038630877698,0
0.005212741730776571,0
0.005530089889835388,0
0.888513794774294,0
0.8883452886680536,0
0.888314638947155,0
0.8875454181465572,0
3.5429670975030785,1
0.0004673851270404761,0
0.0003727113541067695,0
0.0006465791664496123,0
0.00034448236556272605,0
0.001415652478224061,0
0.00016815565514383124,0
0.00014810624754924007,0
0.00018485442810955988,0
0.00015048425071029214,0
0.00027237997309859097,0
0.0026484836397475675,0
0.0013134605230011864,0
0.0013039771683929224,0
0.0023296263414191998,0
0.0013572923842923856,0
0.0015491434253012137,0
0.0014153300434962546,0
0.0011786968341764847,0
0.0007262880825340545,0
0.0016843016839453995,0
0.006654863548468892,0
0.0018636822855002677,0
0.0015369270537251012,0
0.0029202244462736004,0
0.0017282936174964902,0
0.00027211202511434607,0
0.0004953703905288265,0
0.00039843957019769505,0
0.0004873443774586761,0
0.0006280692143119104,0
0.0014937149277161055,0
0.001244969604869528,0
0.0012335100260632004,0
0.0008751166145795075,0
0.001326832731245009,0
0.36098516781009815,0
0.35717183944483466,0
0.35795145935639683,0
0.3576482595568402,0
1.4283188629581645,1
3.0469268521937765,1
0.8233325773314553,0
0.8519220242402654,0
0.8069430345896511,0
0.8052539887167436,0
3.988395811878233,1
3.9975434639813767,0
3.9970132175067814,0
3.9969042407622695,0
3.996934889627806,0
0.011774302740912734,0
0.03351794882881087,0
0.013377574656309399,0
0.010205006676985207,0
0.016326021042624372,0
0.009416771503378829,0
0.007158511811740098,0
0.017599636054212997,0
0.007028581677845036,0
0.009007694060580107,0
0.018009812385216595,0
0.029383257710031252,0
0.022364889041769587,0
0.026712122409687566,0
0.016747448851455182,0
3.988418788860183,1
3.996935706315584,0
3.9975275758178332,0
3.9969574662146563,0
3.99699804051211,0
3.0041698997737347,1
0.7788022584351881,0
0.8940118091759635,0
0.778470049684012,0
0.7786139569101493,0
3.009010976575763,1
0.8562387524841548,0
0.7692126712472951,0
0.8471362980792363,0
0.7871475421522094,0
0.03720612919672561,0
0.012672313320437834,0
0.02215639160551941,0
0.014649013068347205,0
0.022115299976972036,0
3.7119180067595097,1
0.9595996881433693,0
0.9510392169779989,0
0.9451038489106747,0
0.9501537978071077,0
3.6968428234778266,1
0.9371598460442545,0
0.9451004595820813,0
0.9488429393407882,0
0.9337781607981208,0
0.700241234436394,1
0.22861146238414154,0
0.2561064131099,0
0.2336360495346712,0
0.18562468169549717,0
2.1372117954892174,1
0.5305522294867,0
0.6005591954827967,0
0.5902265607833743,0
0.5336551739432132,0
2.898157541227591,1
0.8726058322653385,0
0.743804477427843,0
0.7589368053171777,0
0.7473711286929694,0
2.012020529046523,1
0.5742404641108072,0
0.5144380821028673,0
0.4967022262820824,0
0.4955448398775819,0
3.0557457705133846,1
0.8210092033445755,0
0.8366065295593712,0
0.8523040611063251,0
0.9113856267328964,0
1.9516234940512782,1
0.48953981181608075,0
0.49571651907385217,0
0.5264120050779626,0
0.4844733584123375,0
4.0,1
4.0,0
4.0,0
4.0,0
4.0,0
4.0,0
4.0,0
4.0,0
4.0,0
4.0,0
0.664664723990144,1
0.20392631165223873,0
0.22236526780549548,0
0.22534344960157604,0
0.21124198666370209,0
0.48024324477071767,1
0.17396862684120418,0
0.24969508314678723,0
0.23500478866844254,0
0.20209050550731034,0
0.020266746135733982,0
0.028473140898410243,0
0.021692968233146814,0
0.021424837370777272,0
0.018298652374999946,0
0.027214824836106377,0
0.022750085946849907,0
0.021323352616007707,0
0.020429014870828155,0
0.021688381343439644,0
4.0,1
4.0,0
4.0,0
4.0,0
4.0,0
0.023691095421513264,0
0.01932001095367264,0
0.018717619055096613,0
0.016281097404551748,0
0.02448875467640743,0
0.1111009256431883,0
0.05709845942199321,0
0.06936566924197418,0
0.05997911508971443,0
0.05993466238617984,0
0.12623538381905242,0
0.06331728375792967,0
0.04289456472893338,0
0.04953305334806046,0
0.04624140472949456,0
3.986435066490505,1
3.996908955385567,0
3.9963145945431107,0
3.996200600406143,0
3.997010916155684,0
0.09853853190960704,0
0.1114915039399289,0
0.09493896772288135,0
0.07297963435391353,0
0.10114532551917499,0
0.020758421603601196,0
0.030985270606467274,0
0.018688466424920946,0
0.029160817727960087,0
0.03455321969978087,0
2.09900006989403,1
0.5420371126355183,0
0.517351777463702,0
0.5536444539132916,0
0.552469566026863,0
0.0362417072124277,0
0.02836090063897112,0
0.02395089598069511,0
0.029305500066426404,0
0.02539929362701354,0
4.0,0
4.0,0
4.0,0
4.0,0
4.0,0
4.0,0
4.0,0
4.0,0
4.0,0
4.0,0
0.04144233073821191,0
0.0256524913321301,0
0.06802146856332936,0
0.02645862717154568,0
0.025861791361183162,0
2.1118971411901044,1
0.5303570647353189,0
0.5856612214318311,0
0.5358531139221645,0
0.5892479395979278,0
0.6705851132074532,1
0.23315288792874478,0
0.23517999086158792,0
0.2070986179774188,0
0.23335288845304536,0
3.9849232539864707,1
3.9968558474478084,0
3.9962116519045803,0
3.9962390945261688,0
3.9956166601079133,0
0.09683991182393381,0
0.10726651240938123,0
0.0919452039789217,0
0.061429794903919976,0
0.07229258045922915,0
0.14358359754233607,0
0.0542476112231105,0
0.06197511564621738,0
0.04836135771563832,0
0.050020754421982616,0
0.012723518182168103,0
0.019034898645138743,0
0.012545235570149416,0
0.022026980396887108,0
0.03105326706506295,0
0.08175081090913228,0
0.08876221993583577,0
0.09634203902161742,0
0.05318429627567811,0
0.06580521733084543,0
0.14399015467927478,0
0.14528306491259446,0
0.09085733960757159,0
0.0920029451924198,0
0.12455779189910743,0
0.01880125706919422,0
0.016927408872900784,0
0.04269878597748811,0
0.01584844456083756,0
0.018533761104363222,0
4.0,0
4.0,0
4.0,0
4.0,0
4.0,0
3.999684195632699,1
3.999927191599588,0
3.9999135240524613,0
3.9999197627653253,0
3.9999237172153244,0
2.0784944529082106,1
0.5458634068274035,0
0.5337286286947704,0
0.5584081583455367,0
0.5027261950058515,0
4.0,1
4.0,0
4.0,0
4.0,0
4.0,0
4.0,0
4.0,0
4.0,0
4.0,0
4.0,0
3.7056695939271003,1
0.9705035017759536,0
0.9459534495501685,0
0.9551684395015725,0
0.9536154304813351,0
0.40941400221243596,1
0.10242249881596521,0
0.0986057819984647,0
0.1021718377342613,0
0.14674428365836434,0
0.015724327632566926,0
0.01754299370143908,0
0.03131513553799792,0
0.017800481812018987,0
0.016594057658807948,0
4.0,1
4.0,0
4.0,0
4.0,0
4.0,0
3.0517758766343954,1
0.7834574299371582,0
0.7877356642211213,0
0.7888809736258517,0
0.784955369742049,0
1.966623917893497,1
0.5018041808406131,0
0.60446308165709,0
0.4969507171184606,0
0.4982532732470224,0
4.0,1
4.0,0
4.0,0
4.0,0
4.0,0
0.06381545991715631,0
0.15303118717819286,0
0.06518848935229116,0
0.06330411997875451,0
0.06644115618095547,0
4.0,1
4.0,0
4.0,0
4.0,0
4.0,0
4.0,0
4.0,0
4.0,0
4.0,0
4.0,0
3.9996801293663466,1
3.9999144486462916,0
3.999919505774878,0
3.99992495250299,0
3.9999212224421865,0
0.009573483685566764,0
0.01769096299905648,0
0.018240192875652372,0
0.022212697357796074,0
0.010629536388762961,0
3.1363291488853373,1
0.818544004279651,0
0.8074293922581521,0
0.7846377168734637,0
0.8164841819839879,0
0.03362477687429699,0
0.03905359734960756,0
0.0283416888511292,0
0.03898509073569478,0
0.09414922261507108,0
0.03630552233686046,0
0.02434272436920981,0
0.02108714865852601,0
0.02285396705348397,0
0.027060186240535966,0
3.9879224710853887,1
3.9968046568791205,0
3.9973978713114504,0
3.9968855967951225,0
3.996834346099696,0
0.026741015503299437,0
0.029036633490806985,0
0.04107240846426308,0
0.0260863378880134,0
0.03062249811060136,0
