0.1596503287289175,0
0.07729423632673438,0
0.06352049304890395,0
0.058237939998386334,0
0.1285473366314811,0
0.6889646582317615,1
0.1893352321565227,0
0.21946209726409105,0
0.24946928532014834,0
0.22111751523548406,0
0.4899221005906549,1
0.14280492590606642,0
0.14779849969111414,0
0.16282790222546772,0
0.24459084848164858,0
0.21041457732794644,0
0.2615313646436479,0
0.2187782761468373,0
0.19948926933252764,0
0.11522632847301129,0
0.07434912399621041,0
0.07276431134762129,0
0.05797614754938962,0
0.06146051148219156,0
0.07179701222200707,0
0.11812887169813102,0
0.2865606827338971,0
0.24133186427841302,0
0.10964645357763958,0
0.18837907370188178,0
0.45038102682035763,1
0.1890684931884561,0
0.1312346662273307,0
0.14198077009951593,0
0.1224024858950008,0
0.07561262260281065,0
0.12742464953475885,0
0.09306074235721828,0
0.06323343183855012,0
0.06046851427012889,0
0.5150900515641075,1
0.1734788566843788,0
0.19238496337536404,0
0.15453131620012828,0
0.1578490121700824,0
0.15255429363965511,0
0.1844886479395509,0
0.2443907419037843,0
0.23672643512959368,0
0.22827292623442963,0
0.032218332677342865,0
0.03220542901491941,0
0.10770618888656047,0
0.03652817638531758,0
0.02921840364393491,0
0.10724224552806305,0
0.09699377037808032,0
0.156279343819965,0
0.07162459507734731,0
0.12614546023760909,0
0.17729448919474855,0
0.1528507118215967,0
0.14548476098487706,0
0.14152332028141457,0
0.13799019930765466,0
0.42828084608848815,1
0.12401386674936621,0
0.12020149926199775,0
0.12312297444848319,0
0.121553158746174,0
0.07874871328187316,0
0.052045988012075384,0
0.06950935928023405,0
0.08356966625051454,0
0.10771702709856479,0
0.4466169517327212,1
0.22451308008718396,0
0.12654568601354566,0
0.14002998132062228,0
0.14464266044512986,0
0.041774006302726985,0
0.033010222843462333,0
0.023900706999877563,0
0.06924468334498224,0
0.043564034461429646,0
0.05535577551466897,0
0.11351302774773409,0
0.050431651169470015,0
0.04904990846996249,0
0.07221679714754714,0
0.03961938893402728,0
0.07784976386217846,0
0.04683017770881248,0
0.024415346954738126,0
0.03564504180394934,0
0.036915306211183996,0
0.021534788619692602,0
0.057831717623427537,0
0.03319305543491069,0
0.018645757692496545,0
1.6875231342940227,1
0.4609703579925504,0
0.607406487561367,0
0.4753406482936797,0
0.6211149911772611,0
1.9018368667316459,1
0.5422747932843501,0
0.5408082302803265,0
0.5232401301410206,0
0.49646870239719654,0
0.1259170096015656,0
0.18586593631243487,0
0.14573907384063745,0
0.23078224128844926,0
0.2645706872933755,0
2.861808964136965,1
0.7431643211527295,0
0.7232433932424822,0
0.7433114739642517,0
0.7548909602896328,0
0.2084186318455279,0
0.16303021036622534,0
0.27043924936159147,0
0.1175646396267025,0
0.2245720280595389,0
0.08247069064870072,0
0.0724685793127664,0
0.12437314625490847,0
0.08657409198823451,0
0.09209553016586947,0
0.08000389878490122,0
0.09364529589192783,0
0.22988299173257198,0
0.10901164778041217,0
0.2364754483314444,0
0.12703853803038356,0
0.08750861165203183,0
0.11515567816361028,0
0.10143373461121286,0
0.2912720246744449,0
1.797845930068462,1
0.5798074284789725,0
0.5603361457803961,0
0.7049073788360145,0
0.5799314896659631,0
0.07316435283268152,0
0.12169643200122549,0
0.058947969609144835,0
0.05913636801648359,0
0.14660256740104582,0
0.09443640731634906,0
0.12891797643145342,0
0.08761585029799823,0
0.12302468590361659,0
0.07337023969162315,0
0.093604642916155,0
0.25317926744944375,0
0.08294773557118607,0
0.10273178336410727,0
0.08730096237983798,0
0.119137058770586,0
0.12651901719897785,0
0.17559429966414886,0
0.19247288813582664,0
0.13082580739661154,0
2.8093468807674196,1
0.7979455592342992,0
0.7555799977740101,0
0.8559789054879183,0
0.7623524900080199,0
0.0912496266721039,0
0.12518092132450676,0
0.033884801371512285,0
0.036601291449029016,0
0.04007327171013886,0
0.026865941203451094,0
0.09535361097391304,0
0.02898246559255835,0
0.02891062317331894,0
0.024702987674620758,0
0.08398404772530021,0
0.07064237870374113,0
0.06687205798157381,0
0.11932822481524452,0
0.07774688014635744,0
0.07029841761923805,0
0.01998870930478791,0
0.02374708624832378,0
0.0324940702477261,0
0.033662289584170946,0
0.1431293778338154,0
0.064487340679515,0
0.08381786951257597,0
0.06525475074598042,0
0.16407174331219432,0
0.1847880233144319,0
0.12377406798526547,0
0.3149672365484144,0
0.24115286365985833,0
0.15167672733810544,0
2.666552917654057,1
0.6903277010263036,0
0.7826831652027888,0
0.7378442585047886,0
0.7313269330815744,0
0.07703594084213972,0
0.06907972496020509,0
0.07742862768767189,0
0.10070932529364063,0
0.09883821981994423,0
0.22093144042177837,0
0.078480537938455,0
0.09379615244200545,0
0.08932859064060272,0
0.11778882053671191,0
2.670651641135301,1
0.7305623787164723,0
0.7847662098908712,0
0.7093545178407772,0
0.9186034880340062,0
0.021232692696226962,0
0.020655374565698992,0
0.02624407605037682,0
0.056295797051676644,0
0.027867065400963398,0
0.06889563981512481,0
0.05456626193120373,0
0.16067878289391313,0
0.06078939252843485,0
0.06904386454740541,0
0.21211315135940367,0
0.0941767694055411,0
0.10271972676287389,0
0.09335297540913423,0
0.0971873873772715,0
0.09092579961204361,0
0.07940038283876927,0
0.06683505955183655,0
0.10803209109668144,0
0.2361554417097933,0
0.16535534335785673,0
0.1343105770384403,0
0.1446241636086647,0
0.14112729818999092,0
0.27224455222009425,0
0.033167161683057333,0
0.040390361089967186,0
0.04569680685129418,0
0.03079044085304039,0
0.026580418428570507,0
0.04490064682286787,0
0.07413206676710349,0
0.055746442275332875,0
0.11272707809731042,0
0.051105324300480426,0
0.051768470659743215,0
0.04749008280668221,0
0.09429227437492393,0
0.08076734532241847,0
0.07393984260955921,0
0.5753989990700648,1
0.15952622175192044,0
0.17645994920538888,0
0.3199491808151511,0
0.16441567358858045,0
0.21091178734355154,0
0.10584940970768963,0
0.286728226610669,0
0.1110404370468876,0
0.1740700247912157,0
0.06561141318890851,0
0.05758902400372801,0
0.06493074284818068,0
0.053829814415903954,0
0.12090175990176455,0
0.3541629726901405,0
0.08279662904854224,0
0.09831259557856242,0
0.13301383725789595,0
0.10164937860927914,0
0.10173160515957669,0
0.10796279665547903,0
0.06286686404879083,0
0.11347618108301072,0
0.13895010211249748,0
0.3207173379115602,0
0.1284149787514881,0
0.11747568661068675,0
0.10465358459304763,0
0.13991570273418974,0
0.013855255014721735,0
0.015393757321823909,0
0.014578512490049711,0
0.021145562968903242,0
0.0464646992349671,0
0.19137157544451355,0
0.23945020929315852,0
0.11861159433793977,0
0.1181085999780338,0
0.19955704687637432,0
0.1051222092373969,0
0.09083588688568511,0
0.1148270801693565,0
0.0971911544491082,0
0.16330487505927938,0
0.15352073027062296,0
0.043596371585485016,0
0.04497225722597342,0
0.05252013618058582,0
0.03912735796029532,0
0.13203981462659087,0
0.07671097900428103,0
0.10135720584216079,0
0.07916713378056706,0
0.06023479009771471,0
1.701801630022985,1
0.4028971728765294,0
0.46488788594067154,0
0.4840123874677187,0
0.4762562612458092,0
0.20965862306179428,0
0.16169835990186776,0
0.15221370992382433,0
0.1345641056149205,0
0.12901553854971493,0
0.14306299521270427,0
0.11304229305889857,0
0.2177258046264785,0
0.1466486392157793,0
0.1699075342673435,0
1.6520118205495011,1
0.4253158051081365,0
0.6035661660036009,0
0.463546226854072,0
0.5612426406782962,0
0.05820792491127813,0
0.057972651085043125,0
0.0867265032443294,0
0.053924981988521026,0
0.049799404283144,0
1.0225926983474367,0
1.0407535579361609,0
1.014096398236855,0
1.0189424832306027,0
3.9929405785961136,1
0.08247161473135112,0
0.12878685727242534,0
0.09030624993000469,0
0.11790861953601128,0
0.12319182948342178,0
0.3354461577961598,0
0.16198332726637066,0
0.16696760944992262,0
0.37351963987919756,0
0.25202539744063523,0
0.375118979168124,0
0.22185293283158813,0
0.1996815459090331,0
0.19003023807581343,0
0.20290493252554365,0
1.0588615524906317,0
1.046730014230334,0
1.029316248452703,0
1.0292337528145445,0
3.988861504062028,1
0.08929675083646016,0
0.0894619841724884,0
0.20642951901106077,0
0.14689935568668222,0
0.1463826309426537,0
0.05085643157556152,0
0.04188263812194615,0
0.0569619477659038,0
0.048480247499236295,0
0.060843712788213544,0
0.08902720632933381,0
0.1483409954538657,0
0.18775529533737245,0
0.2365792532289781,0
0.08549236888775624,0
0.054966502035320275,0
0.0474023786877007,0
0.029808608249763502,0
0.0715168955415928,0
0.03383009981621221,0
0.10055467102308002,0
0.12334693568997768,0
0.06551854919505518,0
0.1727868448030776,0
0.10312660617674752,0
0.0725299451858854,0
0.06528249338097236,0
0.09727570703123156,0
0.07500317629131192,0
0.195808906396171,0
0.3219604263889937,0
0.3355716178348396,0
0.19392152296590837,0
0.27912359471410797,0
0.18792366495604673,0
0.4077188311845519,0
0.3911286719918259,0
0.6103208429599865,0
0.3992359377730681,0
1.4476893934075594,1
0.16170210090472814,0
0.31760526005335876,0
0.14832025263836535,0
0.14884634962143872,0
0.1489230116846696,0
0.3040300726074343,0
0.10797487142006013,0
0.10370194310596315,0
0.11109041934148634,0
0.10522301417425917,0
0.0908427792227009,0
0.1328771998041285,0
0.10767206930359352,0
0.1422533258896861,0
0.13888311346952076,0
0.04233766510081871,0
0.03150463637319678,0
0.045657323997962074,0
0.04592554915533986,0
0.03313079038348432,0
1.0158644826771805,0
1.0244263246852636,0
1.0236225719980574,0
1.0516941334952672,0
3.9905360790719864,1
0.45153822394165033,0
0.4501750137298748,0
0.43376332472713974,0
0.3829880048790706,0
1.439593089959978,1
0.3590668482815933,0
0.2997209536353256,0
0.2912960283665056,0
0.35494167816244504,0
1.1279160021283992,1
0.061179606991340396,0
0.16378729612057352,0
0.08890258925161021,0
0.0478230768952983,0
0.05994364462552815,0
0.8939134217925497,0
1.0063229979780308,0
0.901926574384297,0
0.8849036743389171,0
3.0827884790430513,1
0.15108276525540942,0
0.07129782971771448,0
0.09533684643693174,0
0.05832669857159445,0
0.06648077919714002,0
0.17380677516594023,0
0.07983077100993974,0
0.11459100836903202,0
0.13190608903136436,0
0.15813558065674105,0
0.11380185286657252,0
0.13754685552813584,0
0.1106366544135704,0
0.13005668802359915,0
0.0668380143432632,0
0.4580712342923903,0
0.517108519863259,0
0.4753692112612824,0
0.5277327232823419,0
1.7213796209509353,1
0.05990835766597158,0
0.04651825533226672,0
0.09366269473953803,0
0.048271482135255894,0
0.08561076186237049,0
0.10175091599611408,0
0.20086993305595557,0
0.06820354820249364,0
0.12219775406319666,0
0.10499426161676206,0
0.9687285795011085,0
0.7824848311448376,0
0.8546788788834565,0
0.7878181558712338,0
2.981087186146614,1
0.21206015899331332,0
0.14764567309323162,0
0.2221969481266024,0
0.1144040956109813,0
0.16205253016267607,0
0.10179163819391146,0
0.07267667986643467,0
0.19914588887249085,0
0.1216666346832671,0
0.07053193445834172,0
0.02744167721247015,0
0.045485816673078716,0
0.05918776575931162,0
0.036535992674652906,0
0.036432080887512264,0
1.096704513328687,0
1.1319201330557567,0
1.0711323771099317,0
1.0811504973713957,0
3.987066931268497,1
0.06838288050469021,0
0.061934260480246195,0
0.0656605801342578,0
0.08712182587197947,0
0.08126381617106615,0
0.19024819752632416,0
0.14016907414342228,0
0.18413915862300234,0
0.20934965180273446,0
0.37620032157771854,0
0.3633136472628422,0
0.6842114226619711,0
0.5006577749006924,0
0.3678737220932664,0
1.1310494722423021,1
0.09290444368846229,0
0.08496153790558658,0
0.053506513136022615,0
0.06087053313911506,0
0.09780792886883383,0
0.12839951186509735,0
0.06677279129738967,0
0.14888248825667016,0
0.12769438494663632,0
0.0866337891483453,0
0.09208924706656019,0
0.11386236694110963,0
0.06817482333511027,0
0.09033636561031866,0
0.2993992071984035,0
0.3401925969782398,0
0.3612108202714275,0
0.39693901044904756,0
0.4288603694561317,0
1.3680922276249654,1
0.10024687053725678,0
0.0907215632830809,0
0.19045253844595322,0
0.17471060481154987,0
0.14844910630620056,0
0.1717430651258547,0
0.0810984845560423,0
0.13773475327101004,0
0.13890508122494083,0
0.11558360248588073,0
0.22480313561196308,0
0.11024493987742012,0
0.09172109455493294,0
0.1350630864298532,0
0.09121143082106009,0
1.0124114344200668,0
1.0100454057818369,0
1.0291288735927395,0
1.0116971168994513,0
3.9911800055436264,1
0.10876345828086631,0
0.0930072540082767,0
0.06293815928947444,0
0.07093416275260855,0
0.15060027424002342,0
0.14111886138418184,0
0.13491525448584518,0
0.15038304516350465,0
0.11392234184158401,0
0.20150921337508354,0
0.12519610885276755,0
0.0995838315374824,0
0.10583403385112256,0
0.09564362287717243,0
0.10820034382871446,0
0.06234734095369365,0
0.11099738826257255,0
0.05374435188689475,0
0.059513272961842834,0
0.046482045703828856,0
0.05809319649825184,0
0.17456883724355254,0
0.06738951011620431,0
0.08623883327413351,0
0.08616914615663385,0
0.10907543269259357,0
0.10261476808286751,0
0.06048135173928504,0
0.06043556742396694,0
0.06416130590454294,0
1.0219573254159364,0
1.050408705464306,0
0.960449509396994,0
1.0032855868977588,0
3.342817608492815,1
0.05899792972227402,0
0.12535319197270978,0
0.11459968702705448,0
0.056272741381707014,0
0.12278310833975059,0
0.37496705133288577,0
0.3817914967052083,0
0.5320045791000481,0
0.38123637723872505,0
1.4586786154197933,1
0.1300215950709207,0
0.08544141350921519,0
0.1265200211882207,0
0.10748019340551851,0
0.22026275765443604,0
0.10225848277922678,0
0.04161576503799491,0
0.0764588183622088,0
0.06008628087634982,0
0.0410593978037479,0
0.42040913106371924,0
0.599570061107316,0
0.4017897844092846,0
0.41452616599791403,0
1.5591533512223963,1
0.085387378211772,0
0.09273295805144377,0
0.07203381805445908,0
0.06560242802443073,0
0.0954863416066063,0
0.06554317288544897,0
0.08048888094791273,0
0.09014580518043447,0
0.10409847588754628,0
0.12032168358950424,0
0.058618840336567946,0
0.10432038387269937,0
0.042737120822149866,0
0.11509933013575413,0
0.04037621327714458,0
0.14816779923526902,0
0.08596600976097246,0
0.06318592561482816,0
0.16634181820671756,0
0.08299786528921782,0
0.08173597265802668,0
0.08900317067628638,0
0.09113711756787346,0
0.15247014068398013,0
0.13478506286484748,0
0.3779842149858603,0
0.37608348008167614,0
0.3665023191683092,0
0.46844417007469596,0
1.484053997846349,1
0.08582880646092139,0
0.32124138421858905,0
0.09914752894088519,0
0.09884784163649174,0
0.11175004116790044,0
1.0477523874976775,0
1.081158444757956,0
1.0841133666068306,0
1.062356528593054,0
3.987986130456558,1
0.06582343872734198,0
0.17951700618996158,0
0.07631993219677646,0
0.15160545690916782,0
0.07317261388483187,0
0.0004578363200207214,0
0.0006004692768124542,0
0.00023139065406541093,0
0.0003805427341609935,0
0.00030161810407536294,0
0.0007235911262908346,0
0.001108787567940972,0
0.0010200477138231356,0
0.001659302333893109,0
0.0007669734088193714,0
0.0005512838866339465,0
0.0008234632909256412,0
0.0006048862612422212,0
0.0005213136757746817,0
0.0007648741698624839,0
0.9511682490747564,1
0.2389373463373805,0
0.23958895668929658,0
0.2388488304109,0
0.23715009508235152,0
0.4781330788228919,1
0.11843766508392939,0
0.12116792751702032,0
0.11924771340661078,0
0.1221360131814988,0
0.46644627954349627,1
0.11613866929673478,0
0.11640123447831252,0
0.11924449485050692,0
0.11977578077270534,0
0.001165816311513801,0
0.0016813409624463205,0
0.0022431705681982272,0
0.002506201217238768,0
0.0021027258070054344,0
0.000303813123566421,0
0.00020090678670969808,0
0.0007749214254735293,0
0.00023988885962200612,0
0.0003934713136297674,0
0.004472249474406276,0
0.0024686965445122055,0
0.0020949882017911037,0
0.00282295766512064,0
0.005277337378571723,0
0.00280187568557988,0
0.0011038442530195702,0
0.0026639765238889446,0
0.0012780639143734618,0
0.001061966040357909,0
0.003868831041256904,0
0.004947155611012999,0
0.0030786060999727916,0
0.0059488533689657785,0
0.003170748957287195,0
0.9448791842179176,1
0.23806288504331707,0
0.23705702559281994,0
0.23554761155254944,0
0.23761843777691283,0
0.003299662955115412,0
0.008431550000392196,0
0.0030465407897768415,0
0.010463418976232486,0
0.0034914293735321955,0
0.4642461716786581,1
0.11652093887462112,0
0.11588445043931372,0
0.12160680735647933,0
0.11591550137568518,0
0.0012688939201059846,0
0.0005395386395781188,0
0.000570598336702588,0
0.0009444201212178704,0
0.0018734138469325146,0
2.184313105686355,1
0.5472626477165488,0
0.5486173622353152,0
0.5486430507841678,0
0.547537333277643,0
0.0011800165737776425,0
0.003334005196096612,0
0.0011450873955234364,0
0.001059768101631775,0
0.0009648967769892991,0
2.121108867782454,1
0.5631662359892049,0
0.5095998224803848,0
0.5663775168376883,0
0.5594714373327601,0
0.9462109371827174,1
0.23888865451082886,0
0.2363436553549767,0
0.23767319489281213,0
0.23788504372869435,0
0.4711167495661477,1
0.11723585892948485,0
0.11966141474762049,0
0.12220632871140236,0
0.11742750474695018,0
0.00024056671375349836,0
0.00020702851020804047,0
0.00021812602809490045,0
0.00023620870103124858,0
0.0006637154467417083,0
0.0003427799935913356,0
0.0003290817049363959,0
0.0006454703573401943,0
0.0004966189013830835,0
0.0012349424080149163,0
2.202254454339367,1
0.5515108094085761,0
0.5516329353349301,0
0.5515983604432164,0
0.5544383666288044,0
0.0001563084033895379,0
0.0003039581197072927,0
0.0001638787742797021,0
0.0001411741839563163,0
9.84624022737357e-05,0
0.001590785958800911,0
0.001134952823623081,0
0.0005949257421367093,0
0.0005924873351839111,0
0.001100137731481432,0
0.4619420054926082,1
0.11592987682097045,0
0.11591285053125766,0
0.11674502611957616,0
0.11520915922672792,0
2.206114477413604,1
0.5522436727905013,0
0.5539518572959965,0
0.5532831221571266,0
0.5542857590156283,0
0.0011421832515776664,0
0.0015335710898729538,0
0.0007470115496612806,0
0.0010162554459780537,0
0.0022951988506316745,0
0.001349688890153633,0
0.0018216872134706463,0
0.0011457733144988325,0
0.0034699970746379094,0
0.0013813675565010897,0
0.0034833798320645926,0
0.0018232361314982626,0
0.0020028924726234187,0
0.0021178328437141403,0
0.0016721612548211695,0
0.0009583089445603932,0
0.0005048244674572544,0
0.0006349617059591139,0
0.00032369656607000863,0
0.0004010516956012289,0
0.4754977938360456,1
0.11797879155612634,0
0.12025880490635155,0
0.12287106422479566,0
0.11898552885775882,0
0.47174486887552103,1
0.11750728390530973,0
0.11841376790618519,0
0.12051577290002813,0
0.1172860555927917,0
2.1935242999606253,1
0.5502305156218528,0
0.552541926979945,0
0.5496843853952034,0
0.5507013278026482,0
0.001130003268965396,0
0.0019233013410508981,0
0.0011507575950804316,0
0.004909879711697762,0
0.0014554390289247543,0
0.0005235317082501467,0
0.0007124462950702792,0
0.0004706709553357058,0
0.0005932808024455838,0
0.002135614086955062,0
2.1930711197516124,1
0.550083813275072,0
0.5506487349385036,0
0.5514757418763647,0
0.550258236315516,0
0.0010389449218273228,0
0.0017894725831615332,0
0.0015825870784818008,0
0.0013013137572039923,0
0.0011322218487510582,0
0.0022555643211830123,0
0.006085710905562092,0
0.0028233809152826694,0
0.0023330432578454463,0
0.0021357353712634364,0
0.000560421310849879,0
0.0004123300320606482,0
0.0013381247379093963,0
0.0005080047325147774,0
0.0004643921447597954,0
0.001447999654052623,0
0.0019954469891887427,0
0.0017256539429579831,0
0.0017204597291295975,0
0.0037683767416645253,0
2.2069016427103296,1
0.5549325281627815,0
0.55735210093752,0
0.5532726683930633,0
0.5532176349014795,0
0.9311390064545697,1
0.23284855320023023,0
0.2329014885708296,0
0.23464853782707884,0
0.23299655607442027,0
0.9372639956879256,1
0.23436298963434155,0
0.23590624297943386,0
0.2356379906393986,0
0.2347952286265218,0
2.1929496783764098,1
0.5523905936094322,0
0.5499182983126341,0
0.5504243500431438,0
0.5498893595997814,0
0.003906169939198456,0
0.006618639817426608,0
0.0064171263134849,0
0.007812573704898185,0
0.004576815409504498,0
0.46731462766467535,1
0.11686935007305665,0
0.1260963813101248,0
0.11736851611333243,0
0.11683010818905482,0
0.001370358540452088,0
0.0011040504156509812,0
0.0011037867996996908,0
0.004273287004537885,0
0.001052093444761315,0
0.0003175893234410587,0
0.0004202997164663991,0
0.0005302704512457623,0
0.00026128086651899807,0
0.0008233002638693421,0
0.012264744756581791,0
0.044674521497864106,0
0.01875343352899783,0
0.01240717315767137,0
0.013545444369079451,0
0.004586400408624236,0
0.005556933315976398,0
0.002333160528291689,0
0.004686145764982719,0
0.0029849281969229757,0
0.0033157739186755464,0
0.0018131259695022273,0
0.0010195901149137043,0
0.0008620737275708557,0
0.0009348726273077368,0
0.0005682744297361708,0
0.0009258980428552555,0
0.0003298617642317758,0
0.0005202959930494799,0
0.0005005881633906029,0
0.00312899308090131,0
0.0024659142458713923,0
0.0021008969043490033,0
0.0032104682576159504,0
0.0016898051411020631,0
2.1998543809089988,1
0.5542343307896447,0
0.5551157169178227,0
0.5552704064322334,0
0.5550900458761387,0
0.0015085494828026569,0
0.0015182817675274407,0
0.004786239220026189,0
0.0027783715357352357,0
0.0015019337989019554,0
9.94608382449691e-05,0
8.894400860581797e-05,0
9.172904689602746e-05,0
7.328063513822869e-05,0
0.00013293526873736639,0
0.012927840310557048,0
0.013623557735261471,0
0.014306883286969718,0
0.014216497949445461,0
0.04923659001849057,0
0.0015950608562542712,0
0.00284488911103864,0
0.00276924757731134,0
0.002926696639842241,0
0.0026243943153270166,0
0.4762052488026409,1
0.12155278313480355,0
0.12352376611691085,0
0.11920215928801792,0
0.11845835349224787,0
0.0013902973591046752,0
0.001015620272403872,0
0.004536141931580584,0
0.001132356327098627,0
0.0015065880082620886,0
0.0024624823704719745,0
0.001945095705758071,0
0.0015679269045891786,0
0.0013991397294610408,0
0.003926560266232393,0
0.002675051316891164,0
0.007109276493728167,0
0.0030139805559499244,0
0.0017917428755973575,0
0.0019799009335894624,0
0.007789032083755476,0
0.006541849694717605,0
0.0044856596845952446,0
0.01102905507927332,0
0.005671024317044804,0
0.0006880517724772162,0
0.0010120674869220636,0
0.0005957818308170992,0
0.0018404100118516453,0
0.0008929965817410235,0
0.9504488673650595,1
0.24612902747222876,0
0.23819941107793685,0
0.2392275530993837,0
0.23767253928484022,0
0.0017027192935863411,0
0.0020757462336526977,0
0.0010251734943924617,0
0.0012231747109061608,0
0.001931766326143336,0
0.0005372228762641207,0
0.0021501650322726107,0
0.0006937957155126462,0
0.0005243576692017804,0
0.0012403727801335585,0
0.0003977871328437743,0
0.001004903223820186,0
0.00031691287452328964,0
0.00028124332961798615,0
0.00023951123485677073,0
0.0005183355581492854,0
0.0016017507914112272,0
0.0004675918389156486,0
0.0008343288126755333,0
0.0006825675338166803,0
0.004055319497449972,0
0.0025239991563181796,0
0.0033225255619306893,0
0.0027301226019385005,0
0.0021466883817611304,0
0.0007358480441594928,0
0.0009881578027259863,0
0.0010186543157417738,0
0.003200075745256381,0
0.0008569632263379923,0
0.00033205875652697614,0
0.00025459503307878606,0
0.00019423589578426714,0
0.0005675303355339167,0
0.00030708474517737727,0
0.0008171137120163152,0
0.001230743642463672,0
0.0012222368172043474,0
0.0012431855827572669,0
0.0005712988628050475,0
0.0010874326921377353,0
0.001326967240661947,0
0.0024080825568040254,0
0.002015223773896402,0
0.002136933445727518,0
0.3606427965191532,0
0.36082675255918595,0
0.36474822191497935,0
0.3599804491095777,0
1.4396584109663189,1
0.001523237976949865,0
0.0005359275654099882,0
0.0014504636550460859,0
0.00047345941880028164,0
0.0005673674724979705,0
0.1841494203798386,0
0.1850403944685146,0
0.18561938308540293,0
0.18428460604419516,0
0.7386580404728775,1
0.0023741582663134864,0
0.00312265031951231,0
0.0019580524257345466,0
0.0027010389917903055,0
0.004313633958524132,0
0.10667432217028816,0
0.1060261477913631,0
0.10547078805384213,0
0.10537130318331744,0
0.42043304388452096,1
0.01069165727909649,0
0.01624422827368477,0
0.010029470206105895,0
0.01075526684319783,0
0.03769329908039065,0
0.0024078123666502194,0
0.004537504295910821,0
0.0026909513754964642,0
0.0026513241930419262,0
0.0021708993848683633,0
0.8905083708927828,0
0.888580549251786,0
0.8890895025682855,0
0.8882227358237924,0
3.5447187324697054,1
0.0007082597935088586,0
0.001040270632238549,0
0.0007102673276797589,0
0.0006275848963364083,0
0.0005441816131086519,0
0.0033507243684249843,0
0.006998492874815909,0
0.003110619748868615,0
0.0025980488244798927,0
0.004044478609669611,0
0.003960129411897384,0
0.0010449545687665207,0
0.0019543784096089922,0
0.0009993469960081214,0
0.0009835291728190754,0
0.1846815801211239,0
0.18261149393381748,0
0.18629155151219567,0
0.18693693243048148,0
0.7356988863076901,1
0.43962665700903925,0
0.44549671808262303,0
0.43967879096244555,0
0.4425064800682392,0
1.75917191812795,1
0.005799452207158939,0
0.0030680115153112197,0
0.005040638982473311,0
0.003574458015822124,0
0.007060691841249245,0
0.0005557436262950688,0
0.0006759810689440648,0
0.0010209924146780125,0
0.001988752884352518,0
0.0006274691559151613,0
0.0012902588292611483,0
0.001482349177452491,0
0.0009557156743320583,0
0.0009400889364519216,0
0.003044833640032607,0
0.002909468268065485,0
0.006359788285972279,0
0.0027176364336982672,0
0.0030129650643688777,0
0.00571171427413697,0
0.0005656149629515994,0
0.0006312080639481188,0
0.0013406701140437072,0
0.0006400218136728419,0
0.0021941285164222,0
0.0026478719597844425,0
0.0012599959488923673,0
0.002163375290023861,0
0.0013883294979195604,0
0.002555250021211819,0
0.0007296899852957672,0
0.0011677864698045326,0
0.0005698979398944815,0
0.0008211064362910747,0
0.0012581787936651878,0
0.004556116077133243,0
0.006632196595091955,0
0.005656922944985432,0
0.008119919628000183,0
0.0038565496505271746,0
0.001536405257135165,0
0.0027076785992035113,0
0.0030148928037463385,0
0.0036583726091867774,0
0.0035658641210494224,0
0.005747600720066082,0
0.0050028915575772714,0
0.003259338813239143,0
0.0039150023540837076,0
0.005513164476372179,0
0.001974101048145105,0
0.0009463952510024853,0
0.0017323441263425998,0
0.0018366882633658044,0
0.0014604294441293852,0
0.3584536529644553,0
0.358984977822594,0
0.35761506062492243,0
0.36145823470372784,0
1.4306768040490643,1
0.3583489794407182,0
0.3590060968844737,0
0.3587451901832921,0
0.36118726063023754,0
1.4333270776326072,1
0.003540112192208955,0
0.0016446362878754783,0
0.00430651082160427,0
0.0016178895946064031,0
0.001882816131360876,0
0.00048728068223091725,0
0.000214836321597911,0
0.00019934720279479734,0
0.00021776585328536768,0
0.0006296401420669007,0
0.8624444548994914,0
0.859576634115097,0
0.859615980494167,0
0.8609757034424979,0
3.4336320519270185,1
7.901767988283126e-05,0
6.311466049702119e-05,0
6.958722038108434e-05,0
0.00015731518416250978,0
9.19983768410404e-05,0
0.43990966215893534,0
0.4391802214886247,0
0.44010842074412526,0
0.4387885844235271,0
1.7559449722424882,1
0.0017713202240909887,0
0.0005101553991657681,0
0.0007316158090993063,0
0.0004777561457505186,0
0.001036247993541739,0
0.0021424174587378886,0
0.002372664930689883,0
0.002198675401698047,0
0.0019905166011016107,0
0.0042662267648587715,0
0.0009430702074011421,0
0.0012734418856630292,0
0.0007738458329269449,0
0.0023052014521609543,0
0.0007140341463567346,0
0.8864797176193413,0
0.8871014487037332,0
0.8860247912631616,0
0.8861980867611754,0
3.54172664888479,1
0.18292914672861604,0
0.18310100921954398,0
0.18322345436507215,0
0.17995823297708213,0
0.7254357209382429,1
0.0014260864857842392,0
0.0019360435440116674,0
0.001371642867546985,0
0.0024084065917522324,0
0.003139589333267523,0
0.003303743021142669,0
0.003669649574603362,0
0.00482689568084016,0
0.004326944913125352,0
0.006161331491295385,0
0.0009357475145574945,0
0.0008820181970348173,0
0.00045586448482426434,0
0.0013651902901767876,0
0.00048305438902085385,0
0.3623664013267147,0
0.35953694899136757,0
0.3594082966983212,0
0.35905200353861844,0
1.4323623315147191,1
0.0007653279394128631,0
0.0015318377416417839,0
0.0006961520463653059,0
0.0007130818069702727,0
0.000830300954708818,0
0.18198415315332994,0
0.18241943183419052,0
0.18269145249364183,0
0.18405587410623614,0
0.7305381893857645,1
0.0007764501854508055,0
0.0013527170156213408,0
0.0026949125197526236,0
0.0007650833499344145,0
0.0010745677258903186,0
0.003955816330169171,0
0.0030650415575408374,0
0.005223889171338314,0
0.0030740094609358337,0
0.0027377029625563765,0
0.8609879805438241,0
0.859936248956771,0
0.8627836918971075,0
0.8599711189556878,0
3.4360575243717766,1
0.00015727679202059974,0
0.00018203081750423067,0
0.00016109272612041536,0
0.00024405608758026887,0
0.0004111595363722742,0
0.3634182107172492,0
0.3636575959446744,0
0.36035230278220576,0
0.36054966288552537,0
1.4335113909855743,1
0.44497803532851066,0
0.4411457982232654,0
0.43895068568852746,0
0.4385372909360781,0
1.7549000210736363,1
0.8604099690543743,0
0.8603772769866547,0
0.8597278697917776,0
0.8595475042627485,0
3.4336532814056504,1
0.0012719708336366153,0
0.00161162396906267,0
0.004672146720582582,0
0.001381053876809979,0
0.002136554659773804,0
0.0015856789171966312,0
0.001289697866813544,0
0.004060294479918625,0
0.002418306349607491,0
0.0012595877025356472,0
0.002167568855692359,0
0.0006623133298173656,0
0.0005462131132940584,0
0.0009085750980606377,0
0.0004924168379170091,0
0.8600715769910585,0
0.8619639246504023,0
0.8602469811598974,0
0.8600869270053719,0
3.4353797370762917,1
0.003380865187200488,0
0.0023439914703193843,0
0.0021129328220625965,0
0.0020958840269531542,0
0.001729817916276133,0
0.001759189709290787,0
0.002314884617538926,0
0.0017518099358708739,0
0.005656666022228585,0
0.0017499878027589233,0
0.0017826738481470095,0
0.001253536798477839,0
0.0010871014057070028,0
0.0013783805196059262,0
0.0008573051347395833,0
0.0032767955130630355,0
0.0016132146974841,0
0.005109798212540095,0
0.0035419728846335374,0
0.0023255004546554048,0
0.0028829432173340663,0
0.00636308410193509,0
0.005578404386068492,0
0.0030533539473567295,0
0.0034642105915621,0
0.0022403872174194817,0
0.0007576022426007967,0
0.00190697380827487,0
0.0007471618291141624,0
0.0006883406680087134,0
0.017151580146585577,0
0.027943721403159927,0
0.019825920713655965,0
0.013612304248608265,0
0.023220435104149395,0
3.9870906670971142,1
3.996472506357758,0
3.997418774305376,0
3.9968368346617127,0
3.996362551772267,0
3.7090520575123165,1
0.9548468379616453,0
0.9493006086364462,0
0.9365319230373741,0
0.9439472478869364,0
0.08498518739625105,0
0.06767269238983653,0
0.08808892360889597,0
0.10496099049286745,0
0.12104550843858064,0
4.0,1
4.0,0
4.0,0
4.0,0
4.0,0
0.04439450169507442,0
0.026981750374121205,0
0.08030055011468917,0
0.03730092402479368,0
0.025293046505083794,0
3.9997629359668734,1
3.999942873360761,0
3.999930373018705,0
3.9999424153318675,0
3.99994727425554,0
0.02115501819397192,0
0.05099688804431857,0
0.024086601174396094,0
0.021746272357162866,0
0.02331886278391071,0
0.01289963540445438,0
0.018594624764836087,0
0.012577467588364755,0
0.0354031570211637,0
0.015580019237611875,0
1.949547048696925,1
0.49302024644420683,0
0.5087780055781259,0
0.5291835410019665,0
0.47639891905388687,0
0.025375141404008428,0
0.021534883752918343,0
0.01847263131289356,0
0.021207951144599946,0
0.048080559504758646,0
0.04562804546451016,0
0.020035831363161005,0
0.024257935744386838,0
0.02703105853050891,0
0.035406068549498126,0
4.0,1
4.0,0
4.0,0
4.0,0
4.0,0
3.077897882962084,1
0.8185139404511994,0
0.8048227838125421,0
0.7983432604945806,0
0.8485865688630203,0
0.08379391878668763,0
0.06095933609834292,0
0.06318821709805,0
0.04082760985709166,0
0.06421678881579185,0
3.6855780495087846,1
0.9331535719315931,0
0.9465551115169184,0
0.9270286778437846,0
0.9295366732603867,0
3.989494060151653,1
3.997489348980315,0
3.9974835249159346,0
3.997578492662493,0
3.99694269359291,0
0.015957762557348154,0
0.019120993162399014,0
0.02063572952724968,0
0.022113946112622962,0
0.022080176570274723,0
0.024949627746106984,0
0.032322556637776056,0
0.0333279319816957,0
0.03940350943425974,0
0.03861698657541668,0
3.7160369605629597,1
0.9466897226740874,0
0.9543219884196672,0
0.9506883622332989,0
0.9613518835166084,0
4.0,1
4.0,0
4.0,0
4.0,0
4.0,0
3.881815575538696,1
0.996484192790148,0
1.0200063184916228,0
0.9942770262496707,0
0.9955391643337732,0
2.019387723573858,1
0.5050946216134946,0
0.49023945047309647,0
0.534972338988084,0
0.536397310483196,0
3.7185417330655812,1
0.9450992905340567,0
0.9453292639441271,0
0.9416040049868366,0
0.9367847147338155,0
3.985718052404827,1
3.9962527421177625,0
3.9962978476500193,0
3.9968271002244093,0
3.9963403624126363,0
0.022144003000708068,0
0.013929992180627515,0
0.009791310609371884,0
0.013296139314419975,0
0.015238866922208771,0
4.0,1
4.0,0
4.0,0
4.0,0
4.0,0
0.04916595431800408,0
0.06686889166303489,0
0.07750663614852549,0
0.04551497107338953,0
0.04236684163647464,0
2.285822010680044,1
0.6206913717288955,0
0.6196213082783744,0
0.5677733811888839,0
0.574432713390665,0
3.9870400852189483,1
3.9962440715097736,0
3.996986203493626,0
3.9969590937796227,0
3.9968507164359264,0
0.0448700983315482,0
0.04292409058447788,0
0.02711290053034565,0
0.04811775309552546,0
0.02645666437767158,0
0.03378699957967335,0
0.03690666111763763,0
0.10313709807869342,0
0.08248627161454092,0
0.03700630431193952,0
3.1465556157961574,1
0.8464159679085315,0
0.8105817925780747,0
0.8319927652119503,0
0.816800681994037,0
0.017926227816598583,0
0.015043312999298841,0
0.01778159376985844,0
0.013839065159005681,0
0.014007591912041928,0
0.06688619519548,0
0.11469300726695675,0
0.11855964611950309,0
0.08157066155519788,0
0.11077417641309273,0
0.01214823522989894,0
0.02712712542699869,0
0.011757635629757068,0
0.025903694209250094,0
0.015251605747727215,0
3.146391170576195,1
0.8288190023820872,0
0.8273401661599027,0
0.8273277953360809,0
0.8421659250738482,0
3.8679042207362784,1
0.9767115302071216,0
0.9900186396061996,0
0.9740948941941836,0
0.9749204201819377,0
4.0,0
4.0,0
4.0,0
4.0,0
4.0,0
0.07855554021048983,0
0.11492175940497429,0
0.06979692721784225,0
0.07523939425277337,0
0.0503331144128798,0
0.04072630236984587,0
0.04764489582214049,0
0.031239630722139644,0
0.04059969851310141,0
0.027881729367760233,0
0.018702012609442153,0
0.01662539636345528,0
0.01559395988445278,0
0.012279847488610773,0
0.03733485981298834,0
0.02513844129677789,0
0.022356797092096592,0
0.016284251209621736,0
0.04630761724580523,0
0.015172355125542492,0
0.4877453372121021,1
0.1171987765932947,0
0.12529967831178102,0
0.14997747429490627,0
0.2037627044200203,0
0.05796510192438653,0
0.035065319634584924,0
0.04944486356039812,0
0.041546898723660686,0
0.11821275134938869,0
3.9863016999414707,1
3.996413607305375,0
3.997176677871567,0
3.996385106719206,0
3.996326308045323,0
0.051975851132015194,0
0.04994823213879007,0
0.1697914796247697,0
0.06096836539429429,0
0.08516958250796813,0
0.43646372379552156,1
0.18854914060226013,0
0.13111719537443012,0
0.14202298405932945,0
0.22820490528592474,0
4.0,1
4.0,0
4.0,0
4.0,0
4.0,0
4.0,0
4.0,0
4.0,0
4.0,0
4.0,0
0.12228977057359725,0
0.06612869833842305,0
0.04226502331507165,0
0.04138674882489024,0
0.03799114608003329,0
0.018501421267760776,0
0.044540170393320366,0
0.02842181704950164,0
0.01584981522414175,0
0.016386531660753434,0
3.7600588645459214,1
0.9553237481376842,0
0.9656706345888431,0
0.9610510626334992,0
0.964336767881071,0
0.046895132375035065,0
0.043283802064403076,0
0.06445463189498746,0
0.06113021292866794,0
0.1276944418266166,0
4.0,1
4.0,0
4.0,0
4.0,0
4.0,0
4.0,1
4.0,0
4.0,0
4.0,0
4.0,0
3.8831283775702037,1
0.9951198215388768,0
0.9922134904005606,0
0.990026300605034,0
1.0022022767690606,0
2.961894829942132,1
0.7681523174938878,0
0.7380945935343224,0
0.7650866829398328,0
0.7689692116912008,0
0.04126835257906869,0
0.05585033640988035,0
0.050215617641818255,0
0.03354580551539854,0
0.11516404354216281,0
0.039599664708225735,0
0.04413482636643984,0
0.02717512152642687,0
0.033670333914522566,0
0.027357114713289832,0
2.2766763258976535,1
0.6001285203404425,0
0.6169776863799745,0
0.5919667476503117,0
0.5568653628274509,0
4.0,1
4.0,0
4.0,0
4.0,0
4.0,0
0.03212526379087288,0
0.015646129912958884,0
0.016330705994954897,0
0.012484347071718194,0
0.01566155089006882,0
0.031657917588597595,0
0.02064984873781439,0
0.029711656314472812,0
0.02828815210247093,0
0.024600161598125503,0
0.019343437997844326,0
0.012758651009971977,0
0.015212383514819017,0
0.010797407932909397,0
0.016634583062815622,0
0.03364232887154284,0
0.028503753215937344,0
0.030378558497702546,0
0.01857099981143495,0
0.015489865394733293,0
