0.11209844469669372,0
0.11860271129676558,0
0.09639866449359413,0
0.07726077487876504,0
0.07274377983473634,0
2.6832799024605545,1
0.7401628013481951,0
0.8480435216139819,0
0.778806455681353,0
0.7000805425392547,0
0.0783561527417973,0
0.042621965680070595,0
0.03912646483708171,0
0.10334441914161996,0
0.039663275205076065,0
0.4946433259062806,1
0.17584308914198976,0
0.13450670432950806,0
0.14926546114742134,0
0.2665580461246213,0
0.1079953118285113,0
0.06566870468308483,0
0.08875123325756196,0
0.08342077056396269,0
0.05076122737452238,0
0.06836374142055268,0
0.07235672403244031,0
0.03474136667862071,0
0.05655000627239293,0
0.07689047430776874,0
0.1758573681702198,0
0.1623444974152397,0
0.19645697814053253,0
0.16934853757202184,0
0.1491198828613709,0
0.12463741894333236,0
0.09451582112800683,0
0.19877524982491668,0
0.11953256252496569,0
0.11332086690189414,0
0.0633855563868857,0
0.09517161135822683,0
0.06016017090489534,0
0.0587585117153111,0
0.10071579207891146,0
0.1716014439045246,0
0.1333084334957979,0
0.20484435140106427,0
0.25340534314595686,0
0.212305185920183,0
0.14193891740301323,0
0.06774621171275097,0
0.11693136018137285,0
0.08075242360425605,0
0.1532752248334317,0
0.6267782633330152,1
0.17763180352152963,0
0.19226620714428266,0
0.2740230117397049,0
0.23743674368444712,0
0.06849039266444423,0
0.04655133968453473,0
0.0420406075760873,0
0.07231383034634842,0
0.03120558175750565,0
0.030277113982560167,0
0.03908264589003263,0
0.06035063106811789,0
0.047654927218871546,0
0.04496599506725829,0
0.2757804202638896,0
0.19299020945490097,0
0.2821908002037956,0
0.2845651026703182,0
0.2503586832220783,0
0.04188771924967849,0
0.04627893303264807,0
0.02849962850420429,0
0.02984865093884892,0
0.0306252809445966,0
2.698967058419771,1
0.7045842916152592,0
0.8805696562353993,0
0.7377120328389419,0
0.7846495498072246,0
1.9688310295037135,1
0.5932431631311967,0
0.5221229154945535,0
0.5238270442285415,0
0.5243135387830815,0
0.10299609626402129,0
0.07613872776644026,0
0.21264756362796966,0
0.1053809475123133,0
0.15346488919919654,0
0.10420229148382276,0
0.2007525091915725,0
0.1092883748279867,0
0.19831961809830911,0
0.14348786228303734,0
0.2552826151399623,0
0.24668502588560237,0
0.21364346085320474,0
0.13985304679859123,0
0.16169605072793747,0
0.48105949742948617,1
0.13023385829676837,0
0.26809505341144746,0
0.1257244007832714,0
0.1424818856683201,0
0.05396359387919336,0
0.07325268391232331,0
0.03781867253526583,0
0.04512580699635338,0
0.08006907361108606,0
0.1666282576286866,0
0.10024891882715137,0
0.07258144404243527,0
0.07003864395315107,0
0.14260868231641766,0
0.11634810708968057,0
0.0679036049789401,0
0.08992414810925142,0
0.07617194578730535,0
0.06832966865540602,0
0.036541042361723175,0
0.03638281983216807,0
0.13093220127696092,0
0.04255757980597963,0
0.045021836662113124,0
0.07506559417589331,0
0.08804817489163463,0
0.10492506372161081,0
0.13402475326050656,0
0.07545050270127263,0
0.027608372131172843,0
0.0293636350549642,0
0.02516588384193419,0
0.08569354748309843,0
0.023516300445046046,0
0.44241035326640654,1
0.1264019509758132,0
0.14134852211905358,0
0.11679145952506698,0
0.1344891976170297,0
0.18396463612605363,0
0.1740168345899189,0
0.29902277095043894,0
0.18196722698451318,0
0.18206100291091554,0
0.08815026514227231,0
0.06442727789154246,0
0.06737046669565006,0
0.05950538820159368,0
0.0994020418004915,0
2.700233341971935,1
0.7717652206231795,0
0.8004354912955933,0
0.7181671727081342,0
0.8148895889544345,0
0.10338814149483255,0
0.14805066147805057,0
0.0978153345505639,0
0.09556725020429813,0
0.1187947049201119,0
0.011077598503158814,0
0.011688882051877236,0
0.020339213103405918,0
0.021818984374623263,0
0.013375348253636954,0
0.11642283188920999,0
0.08808493616665247,0
0.05548345859118298,0
0.18136821123209446,0
0.056044827821658316,0
0.09566327769680516,0
0.09603782227999025,0
0.11723907079444285,0
0.12647149082712605,0
0.12080331535031519,0
0.5272408515553972,1
0.14611290519883946,0
0.2582154192100412,0
0.1373171839358851,0
0.15321263006336183,0
2.7399262321973445,1
0.8434125747139936,0
0.8224600243209128,0
1.0637617131977493,0
0.9457890153283586,0
0.2913211592966354,0
0.14113737941705118,0
0.09014487994688913,0
0.11750685097010027,0
0.09704852824177479,0
2.720999947921751,1
0.7389825280496609,0
0.7210707705294666,0
0.7031034572165735,0
0.7756716143435582,0
0.0458362050116512,0
0.0442816774078878,0
0.059746964835889926,0
0.07144719066234062,0
0.07185125576293183,0
0.10079368937338362,0
0.10926492967638879,0
0.15215465288296937,0
0.2923864859169978,0
0.17091296388221178,0
0.06650195811068649,0
0.047558690984084606,0
0.10605005039055992,0
0.06861744632909339,0
0.04575471374222673,0
0.32411060689757987,0
0.14359341823908256,0
0.17182053786649742,0
0.1828328543464588,0
0.165590446846271,0
0.12563943748124817,0
0.10016806554233515,0
0.12488108640630724,0
0.1077612881382417,0
0.13275804987137496,0
0.5983858902297552,1
0.1549969541701035,0
0.1688090987165678,0
0.21091361880769233,0
0.2678746815343471,0
2.5395535342082827,1
0.762424437818507,0
0.6396279581145903,0
0.6432315244544324,0
0.7650224792777496,0
0.13864000744589688,0
0.18652426861343496,0
0.16831810838684147,0
0.18457370575625465,0
0.2416537072429934,0
0.09037907776639464,0
0.03993129266868056,0
0.03771169512278982,0
0.04105722366410269,0
0.06991674386262536,0
0.026547424377024953,0
0.028212900852038203,0
0.03904278683806428,0
0.06900590084609082,0
0.03146963091717758,0
0.26990566258536175,0
0.15179393957945653,0
0.11144563746152869,0
0.2684130428748821,0
0.12190599073858843,0
0.11559050505863588,0
0.17758319864326433,0
0.1967036460416587,0
0.184147559959718,0
0.13984740253423622,0
0.6681050348590265,1
0.2100636948003456,0
0.19860736397665413,0
0.31785572028984,0
0.2425611761441191,0
0.06243871844034965,0
0.09400692685374334,0
0.1579343447091195,0
0.061910630929652655,0
0.06553184152164526,0
0.17594538529472548,0
0.13907297658162143,0
0.16282055108991722,0
0.13278524293273852,0
0.14152037739816326,0
0.21609366859093582,0
0.26985143309630777,0
0.1654234011594129,0
0.16497602989190652,0
0.14949505319471035,0
0.07107103810652893,0
0.08911179803508329,0
0.05065475905135042,0
0.06292524747374051,0
0.12169048481362355,0
2.1213953511230366,1
0.548257041489272,0
0.634183487250823,0
0.6297831928142652,0
0.5469594762305707,0
0.011487325564226936,0
0.014792721268189535,0
0.00964399190550047,0
0.010034167497699809,0
0.027729119528499435,0
0.032117912461298026,0
0.03819788395480206,0
0.09616434261373241,0
0.07748742960780897,0
0.040556196171987136,0
0.605987023840334,1
0.18122936774341314,0
0.23364159505570914,0
0.25871663221762375,0
0.18622306116407694,0
0.12925817762726766,0
0.15581821143628716,0
0.19652165002893973,0
0.19980104372590812,0
0.2745379595651256,0
0.15374935188198968,0
0.16475363883844762,0
0.35143786756173245,0
0.10803844092935266,0
0.15865202002255208,0
0.10306186640137982,0
0.18038706620590306,0
0.17112060656869055,0
0.07590007005090271,0
0.11182558722325009,0
0.26544645266916334,0
0.371541709252027,0
0.11612941505456398,0
0.18995487888283247,0
0.15465637105929053,0
0.03996815030879919,0
0.04706784983182155,0
0.06456708875500716,0
0.03292966930399199,0
0.0612435936455582,0
0.08398256484943722,0
0.03097230711388832,0
0.0285086639382488,0
0.024852800915344808,0
0.03400959813380222,0
0.14442718844215552,0
0.10870440981122309,0
0.07229650144815825,0
0.08983106467383539,0
0.1300556241435027,0
0.0497035171384419,0
0.06614269193289868,0
0.06049115245799852,0
0.10303593220252649,0
0.05213571350719981,0
0.13866330601923638,0
0.19390902101984864,0
0.19340712166454122,0
0.20110265052961696,0
0.13806103173614748,0
0.0407160278568206,0
0.022568397411197427,0
0.08844550003572405,0
0.040531831374692295,0
0.022639419807974015,0
0.029625805200824473,0
0.021814214384912933,0
0.05586336078360965,0
0.030190332050567648,0
0.034421394786585235,0
0.0812305925607868,0
0.09455131074500889,0
0.14324566829796082,0
0.09014334998923168,0
0.24884406794800373,0
0.07481786468395502,0
0.07357380255789092,0
0.09222411723030222,0
0.08177234181992832,0
0.06593982398201215,0
0.1296833107986295,0
0.08372722959891599,0
0.1875577328040432,0
0.0994915410815782,0
0.08039882570610501,0
0.22597290183597885,0
0.19613682682827527,0
0.14405863686378462,0
0.29524333977659545,0
0.11896694228154381,0
0.9612598076271874,0
0.9021680415940936,0
0.946646152728055,0
0.9096946868458513,0
3.241653939419531,1
0.9048543017884985,0
0.8376488641537398,0
0.9081122850396834,0
0.8970239296357461,0
3.1466832051467057,1
0.2970237300292613,0
0.1164778506759272,0
0.15823731661963247,0
0.1307565577712566,0
0.117091669099322,0
0.052562957527289456,0
0.08081200623518203,0
0.09342338125117555,0
0.0748224884084876,0
0.05252284743479452,0
0.0650034936304218,0
0.08270260037077604,0
0.06056333572676875,0
0.19623839801428078,0
0.16479702112506622,0
0.11348095661002144,0
0.11631928257625646,0
0.14988994760750707,0
0.17160763980927385,0
0.19845455837588943,0
0.21776415436856578,0
0.08930993870301984,0
0.1058226130440083,0
0.0960769134325532,0
0.1549055649203983,0
0.008340205698790903,0
0.01106055739400702,0
0.005600970084752799,0
0.0124921129387765,0
0.0067334729287003015,0
0.16709127657298728,0
0.09346644608035604,0
0.11152204795388254,0
0.087238840974603,0
0.09779265086868971,0
0.2978340400940436,0
0.15464622912187886,0
0.22717489706821548,0
0.2089199438873921,0
0.2144587723962479,0
0.15896791454446557,0
0.15126831289060227,0
0.14585748750557448,0
0.20592562766194833,0
0.1480159168577968,0
0.07554477160367723,0
0.06624120637744513,0
0.0879087784194903,0
0.08153123569112442,0
0.09559341160327772,0
0.16996445421653883,0
0.15049550337335038,0
0.14519213946330956,0
0.11344358054829451,0
0.11723155130438068,0
0.12465526573755392,0
0.11920515717467906,0
0.18718753215577832,0
0.13059260910483061,0
0.3585401653962701,0
0.9358436273869648,0
0.8449725676346809,0
1.0254410020578324,0
0.8845572407739954,0
3.1587874596669034,1
0.08194711256420639,0
0.058419509506530076,0
0.09246810236415648,0
0.09340025508547045,0
0.07234375682848704,0
0.9157692064824645,0
0.9582491613447011,0
0.9240164268624396,0
0.925874219543787,0
3.29783286213883,1
1.0417661072526205,0
1.0487160011112424,0
1.0384974999030465,0
1.0347239244873312,0
3.992390356186689,1
0.1402543725324108,0
0.12248082648434178,0
0.13799562341846539,0
0.07375174036461374,0
0.1811668650601881,0
0.0840505320987166,0
0.08074244780135675,0
0.074156524359549,0
0.1378691909940315,0
0.12950886072093137,0
0.03276803824911667,0
0.030436449027174017,0
0.038494382435071195,0
0.03248366741502551,0
0.11461493874963757,0
0.07189625646898756,0
0.12205110529879315,0
0.08459127602127037,0
0.05287704859743769,0
0.04734230483801927,0
0.08886089883141945,0
0.06134135916506134,0
0.08216498351448909,0
0.08011497702469006,0
0.046066014278469236,0
0.09227174316344211,0
0.1760475993927635,0
0.15408158529230942,0
0.07042002679258408,0
0.1068307710235663,0
1.0014237682694764,0
0.8888406048740847,0
0.9505855247042789,0
0.9979479930324309,0
3.1717128008882645,1
0.19918518915323524,0
0.19674417853586323,0
0.16233606241634924,0
0.11288454367145029,0
0.26148205427293547,0
0.03469068368097705,0
0.04382749646154771,0
0.08811616048748316,0
0.036910407749058294,0
0.040579178721925846,0
0.08948931403585458,0
0.18918697788075267,0
0.0761642356503871,0
0.1183513570805439,0
0.10927448873168188,0
0.11222335055161192,0
0.1556538922295294,0
0.1319865191780245,0
0.1377213670321038,0
0.21632774161255908,0
0.03809344377693913,0
0.052069835038026646,0
0.05167715449941035,0
0.029825536513306883,0
0.03888496772077277,0
0.4501332528554718,0
0.6324619192092302,0
0.458442007718578,0
0.5097582545966306,0
1.6534255597693925,1
0.8464567416908557,0
0.9335179722657063,0
0.8482945276458613,0
1.0632550873768274,0
3.1477045448834375,1
0.047627911102822384,0
0.03894262391405334,0
0.08927158237257471,0
0.03059124967386495,0
0.02840189566131368,0
0.02325592978259383,0
0.07233487879132561,0
0.04250799127019622,0
0.020725634944053883,0
0.033437650801377394,0
0.5022345251993503,0
0.46695086261539087,0
0.5424829228275017,0
0.5711167279858582,0
1.7817848970931163,1
0.2837074794587071,0
0.09322408780580327,0
0.13778831135544234,0
0.0778953492769272,0
0.07021934823408049,0
0.06312876324745664,0
0.04662052391001392,0
0.039948385352489346,0
0.06861683433001708,0
0.0462938640263415,0
0.07995651568855244,0
0.09375870578924284,0
0.06516628372650324,0
0.1257561117806194,0
0.06167252293317471,0
0.07012443632915222,0
0.21157510659118683,0
0.06621761813017679,0
0.06814256438134292,0
0.1595199347934364,0
0.03836145068759356,0
0.0631362648019036,0
0.08278259760511819,0
0.028215426922945763,0
0.037209463272708465,0
0.038462168968951715,0
0.04246727268731698,0
0.04736600070507091,0
0.07596357100190776,0
0.045454706567422676,0
0.08129528562144817,0
0.04282352474655271,0
0.10520089317146697,0
0.09964392712011927,0
0.06316837534670006,0
0.075637971789833,0
0.03907063028040625,0
0.04807863957764624,0
0.09619083474616019,0
0.05899133460961625,0
0.25093046300629895,0
0.10330109358470496,0
0.18264383020373254,0
0.10624679972416251,0
0.1525069584670682,0
0.13431247844819572,0
0.09606793540611669,0
0.09994829310950015,0
0.16064736358379106,0
0.08614049775902721,0
0.022674832552825208,0
0.022953508771526465,0
0.033250148754805586,0
0.06962622329930923,0
0.0529123891163521,0
1.0446353309434384,0
1.052863344871061,0
1.0406285941158142,0
1.0495835261627415,0
3.9923999330519333,1
0.11487142064703759,0
0.11460192362664179,0
0.11320748895118316,0
0.10401217868054946,0
0.281232881542814,0
0.08299346984940303,0
0.060020118058772276,0
0.058647069681810216,0
0.05581265278126368,0
0.08864226188310598,0
0.10977382894841936,0
0.07971468413798144,0
0.07165957777007126,0
0.05413881565452883,0
0.08600109438523118,0
0.23255415455067663,0
0.09069988270726537,0
0.08777081142034682,0
0.11699522609952151,0
0.07750079339471228,0
0.8436333499454411,0
0.8634714669553487,0
0.9264045564648122,0
0.8392595960879268,0
3.140702604611728,1
0.11632522634605369,0
0.07044092425050286,0
0.061854164038187776,0
0.04533790070265731,0
0.05852928229430887,0
0.10461215796833034,0
0.11091855736006995,0
0.16953890780657233,0
0.13499996813203685,0
0.11819812616170289,0
0.9003509447788751,0
0.8035138804857325,0
0.8086695344994452,0
0.7965118903314483,0
2.9611763432369775,1
0.13228161576494468,0
0.14844338914447341,0
0.12203126571813794,0
0.14246512004873546,0
0.37541560882753044,0
0.8410728733678625,0
0.8742501715168567,0
0.9587181302168735,0
0.9855713056549273,0
3.1096976034613384,1
0.0005592927784783264,0
0.001155927503980525,0
0.0009063990253586063,0
0.0003841156413324498,0
0.0005734558285754865,0
0.005043064575045442,0
0.004675172686535944,0
0.004375557129465246,0
0.003033132553741158,0
0.0034171521614183575,0
2.20313460657429,1
0.5543866026226087,0
0.555139844522234,0
0.5538093020958459,0
0.5532745441392168,0
0.4729500132233615,1
0.11773123611851011,0
0.1176079716131504,0
0.11892209403145282,0
0.12160029373130365,0
2.193208838921677,1
0.5526387286507606,0
0.5517742539201289,0
0.5526643830119888,0
0.5527122362321415,0
0.0037093299968491422,0
0.0022495325993201476,0
0.0012333190284028461,0
0.0014560071629405869,0
0.0010547445651694076,0
0.011679808447225604,0
0.04176761725412792,0
0.016444930402728097,0
0.01778168271112479,0
0.012143630366934222,0
0.001080587788337084,0
0.0010096386567881588,0
0.0019401567587435942,0
0.0007297014354210596,0
0.001056855326166506,0
2.19507587865964,1
0.5542712155715339,0
0.552736410832805,0
0.5553104854856445,0
0.5600166804732161,0
0.0075490898770151915,0
0.0021986150164070573,0
0.004976623095677368,0
0.002046455776947731,0
0.0025285380099226984,0
2.1994716988037473,1
0.5507796303212658,0
0.5501086880258876,0
0.5515654002247468,0
0.5520135994644502,0
0.0015297047511579898,0
0.0012821854402540467,0
0.0009826964071883992,0
0.003615645953722879,0
0.0011710426785120909,0
0.9396037006811153,1
0.23557613123894594,0
0.23585271117847606,0
0.23634593444777785,0
0.2385319532631862,0
0.0027513409450010684,0
0.003690821559771962,0
0.004627282692418966,0
0.003687408658917146,0
0.002840482420426227,0
0.001620620681703322,0
0.0023248942925535587,0
0.0016128666347547949,0
0.0014590761348358683,0
0.001544222551419061,0
0.0040723758870129245,0
0.005022141037700045,0
0.0033972182367811854,0
0.005252912876767102,0
0.009491669637250677,0
0.0021179498188770296,0
0.0027317937389721436,0
0.0019379566488870736,0
0.0023056444818090327,0
0.0017175461528706748,0
0.0036555757607308337,0
0.002899248481014638,0
0.004037292172057949,0
0.00452692640471497,0
0.004631195978284097,0
0.008182213203987487,0
0.0023186039143796577,0
0.002276207352322146,0
0.002665583693412188,0
0.0021604231197751567,0
0.001355030053728612,0
0.0008313005993771938,0
0.001382134570639515,0
0.0005691665267275603,0
0.0011092815192839112,0
0.0036315452684507754,0
0.0021012024244750904,0
0.0042265150059721535,0
0.006061726709537307,0
0.00251957725902896,0
0.0020950514506674622,0
0.0016420292858394525,0
0.0023448384972568626,0
0.001035988653852904,0
0.0011261790603018795,0
0.0030503242305255363,0
0.0037912167227380777,0
0.0042487881382728965,0
0.003301206663664402,0
0.0016743023210006314,0
0.0010958692050220264,0
0.0010214137804860357,0
0.00033622098051777627,0
0.00034843217747981825,0
0.00034130227654483036,0
0.9474473386469371,1
0.23706683697267694,0
0.23666063961008899,0
0.23671577634660945,0
0.24079583846301356,0
0.0008069453015644434,0
0.00044830401400419717,0
0.0006637684818295853,0
0.0005750139094065077,0
0.0003832991623813342,0
0.4781489833806152,1
0.11907802303866566,0
0.11878081748732017,0
0.11964490095865976,0
0.12402141688766743,0
0.0030756611957807323,0
0.001493283872556539,0
0.0014810604603203714,0
0.0014529756010674966,0
0.004569397537772968,0
0.0023883725207252127,0
0.0010371930872850044,0
0.0010249256122900618,0
0.0013251593875529544,0
0.0022891882316065093,0
0.47131875130095624,1
0.11694557639020386,0
0.11832987142161455,0
0.11880333563323386,0
0.11920907943541881,0
0.00030626771532604735,0
0.00016277932888675295,0
0.0002587197977970135,0
0.00024382851358417668,0
0.00016405555706366926,0
0.006962908709866156,0
0.0018347341092956881,0
0.0021246140815556203,0
0.0022150293005944732,0
0.0027854077837181634,0
0.00038452749360384786,0
0.0004082716131588171,0
0.0007438216801349817,0
0.0005053286591332196,0
0.0010217700895509552,0
0.0019720986274096575,0
0.0016646952490595446,0
0.001197792438002221,0
0.003565570492845449,0
0.0022238927932773933,0
0.4764900557649532,1
0.12281093195197901,0
0.11882684387496756,0
0.12371059993973654,0
0.11905767379556886,0
0.04341593142497846,0
0.01167058345813965,0
0.012502453151487458,0
0.013258004710744231,0
0.011306208062566547,0
0.00013170780583893205,0
9.753144338775499e-05,0
0.00010009285974099669,0
0.00012340554182443952,0
0.00015500846532301438,0
0.01207314489271738,0
0.03538913912609809,0
0.01202344324848692,0
0.01057238632176638,0
0.013572848974352958,0
0.0015776451082722964,0
0.0031212226358809936,0
0.0018678228519837248,0
0.0019892234826963673,0
0.0021155043506571047,0
0.0007139567489828913,0
0.00030532921679071734,0
0.00038041441452518754,0
0.0007410021898106578,0
0.0005874045552825002,0
0.0011820925342709288,0
0.0007976663884798896,0
0.0012971717001821759,0
0.0012199235370404793,0
0.0006176868437615113,0
0.0008117805133278644,0
0.0007581146008179829,0
0.0005373767309158062,0
0.0005280149631232689,0
0.0018554209108105901,0
0.004290030523708133,0
0.0019397968401646537,0
0.0024825639665331245,0
0.0015187112945835857,0
0.0014155907295529957,0
0.0008691586187552502,0
0.0013699609677604307,0
0.003187694093522264,0
0.0007549134950828318,0
0.0010668419853070432,0
0.005900243961804996,0
0.0030232331809356694,0
0.002883341090107905,0
0.0025595099922171016,0
0.0039797182834862,0
0.0021797997695598426,0
0.0014623539347287107,0
0.0013724887142938513,0
0.0015273636979196148,0
0.001383013805755784,0
0.009334843079852995,0
0.03469079177645851,0
0.011601652286199915,0
0.00892825199727909,0
0.009015350510698017,0
0.9448873872753563,1
0.23700427953693692,0
0.23615168246692253,0
0.23977193320559964,0
0.2356901054372571,0
0.0021235866213196175,0
0.0013016864761441482,0
0.0042035918190896915,0
0.0014128508784763127,0
0.0012911625642288982,0
0.004684852073598034,0
0.003256342098678644,0
0.0061690263266585,0
0.004362962525799041,0
0.00610731875807069,0
2.204990155745754,1
0.5511811688793529,0
0.5511910463893335,0
0.5542091106944271,0
0.5544096240580685,0
0.00013071483499604852,0
0.00034167691583331106,0
0.00017134899204718224,0
0.00021072467414162688,0
0.0001490945910633812,0
2.1995739410744077,1
0.5524335618397771,0
0.5530670092450305,0
0.553321795859111,0
0.5548103057281759,0
0.0003624796611845227,0
0.0006946503910914004,0
0.00035609240891076865,0
0.0005063799786455547,0
0.0011847794229185027,0
2.1185478265529363,1
0.5051630532039955,0
0.5568744015662777,0
0.5581514883555214,0
0.5612952818243837,0
0.0011600039087098502,0
0.002243995524668918,0
0.001085683633931911,0
0.00155989425705938,0
0.0008890353351964642,0
0.47031319691221096,1
0.11779479775119439,0
0.11823586951782383,0
0.1171639896283585,0
0.11757294824139031,0
0.9479377482974942,1
0.23938369915576008,0
0.23919724795394703,0
0.23681351660298322,0
0.2379412456410197,0
0.004021596316101217,0
0.0024000675211550693,0
0.0057817681369431995,0
0.003330157891142882,0
0.00190247771040708,0
0.00010515555858070513,0
0.00019599992194230254,0
0.00029815119165066406,0
0.00014057808305745212,0
0.0001304733115792267,0
0.4728718830884606,1
0.12031997379983839,0
0.12086252918340179,0
0.11740971544066525,0
0.1174083010724063,0
0.013418884533694886,0
0.009345345643368752,0
0.009208759805020783,0
0.009511455484512599,0
0.034460488352229035,0
0.00035504305505718037,0
0.00015037235684633998,0
0.00018404267826621634,0
0.00024142688061568052,0
0.0002956311868005379,0
0.001719220998442239,0
0.000962578302112771,0
0.0012218188171959632,0
0.002557201993893088,0
0.0009452937013483265,0
0.0013566198719705547,0
0.0020604057849533675,0
0.0017942317896713078,0
0.0030904658780936956,0
0.0014704119161299545,0
0.0010900214857989532,0
0.0022333043652476015,0
0.001570337146417966,0
0.0011193332265255762,0
0.0031164226981221788,0
0.9424477117932266,1
0.23765483506355345,0
0.24048420546119287,0
0.23641801433335363,0
0.24300300431149147,0
0.0003539311078459839,0
0.00014311702925073888,0
0.00013200844915361998,0
0.0002005132320017644,0
9.841258235221417e-05,0
0.003437885708891475,0
0.0023677672745754386,0
0.005821418772672615,0
0.004142579173525007,0
0.004991428927524133,0
0.17872424131337095,0
0.18390882501570793,0
0.1787685657377054,0
0.18265599115587117,0
0.7187385657115937,1
0.44724144545060307,0
0.44021318537039544,0
0.4427480835450712,0
0.43950395419833477,0
1.7556407314105424,1
0.002644930268004053,0
0.0038821411208687095,0
0.0020795334912442343,0
0.002354149876118594,0
0.0016944289339941854,0
0.8598371742668434,0
0.8596604503955025,0
0.8624919846260011,0
0.8597639333803735,0
3.4358112275597943,1
0.18423262773912574,0
0.18337883507507735,0
0.18460225120478935,0
0.18559674897292489,0
0.7369386949338947,1
0.17842957468356602,0
0.17841625255341764,0
0.18156951159683077,0
0.18120126411789217,0
0.7171851053763421,1
0.00027705966380331404,0
0.00032366741989875436,0
0.0010690592903310758,0
0.00034159075228279434,0
0.00032393924850326883,0
0.43921605588733925,0
0.4391359661232048,0
0.43971457437814543,0
0.4421460623519793,0
1.7569805427357363,1
0.3600440739126092,0
0.35933339229755656,0
0.35811487290103505,0
0.3582816848536403,0
1.4325990291640052,1
0.17978675867035676,0
0.17917887847313763,0
0.18338308663047798,0
0.17821334318333637,0
0.7166233814048981,1
0.0008942124263069395,0
0.0005150327302247959,0
0.0004902713655083879,0
0.0012830884089884975,0
0.0009723043141476317,0
0.10694883265191546,0
0.10478301249527533,0
0.10462502826769349,0
0.10455058201284295,0
0.41617448874151464,1
0.0016803217151304395,0
0.0012296976779460067,0
0.0011274149855049487,0
0.0011325926734819802,0
0.0006621588129203104,0
0.00011052686541113133,0
0.00015654710659207538,0
8.961566092224871e-05,0
0.0001510554004529041,0
0.00013373898360224956,0
0.00026415396150847315,0
0.0006740120522721327,0
0.0005034622749975348,0
0.00031033697102378355,0
0.0004444885631595952,0
0.8714608146779868,0
0.8703836558263038,0
0.8725120236449548,0
0.9218382680679174,0
3.4688967206911405,1
0.003740637740517805,0
0.009284424815087178,0
0.0038374145011297323,0
0.0036912456271482874,0
0.004452950276027323,0
0.0007543110373702255,0
0.0014860844640098847,0
0.0005828381784844794,0
0.0007106927804647611,0
0.0017323709818648503,0
0.10391629737842889,0
0.1050998988043581,0
0.10349626075758511,0
0.1036051712169801,0
0.4145910764531182,1
0.0025927692594516216,0
0.0016094437506795067,0
0.005536695963922256,0
0.002141977422552177,0
0.001926619432016441,0
0.001007609469677817,0
0.0022698654553940933,0
0.0010914725377855206,0
0.0021514530230963835,0
0.0008827966122031405,0
0.0031296774098028557,0
0.0012704306798854148,0
0.005089606524550927,0
0.0013894158542120394,0
0.0012396570083961223,0
0.002194540452775673,0
0.001209681927518691,0
0.002209599035459142,0
0.0025663526578534324,0
0.0026538424901341173,0
9.698311209094257e-05,0
0.00015683777855679537,0
0.00013512535316850816,0
8.271819911875866e-05,0
0.0001179782905622595,0
0.0004983697092102446,0
0.0003091847222886912,0
0.0010735467051228298,0
0.00032687951430698803,0
0.00039758740933137915,0
0.003295427335863188,0
0.003471027309925212,0
0.0026030665786560547,0
0.0048594867943494435,0
0.007147802552415428,0
0.0018535302059410341,0
0.0010816810639209251,0
0.0007603030998915017,0
0.0008755071950035109,0
0.001551463385791596,0
0.44254836398664876,0
0.43989623938783007,0
0.43913323289567696,0
0.43893167169077696,0
1.7570846356580696,1
0.35874704605781993,0
0.36078776082652375,0
0.359007722724181,0
0.3591742478630495,0
1.4361324869592522,1
0.0020695289731431643,0
0.0021067787244191116,0
0.0012916426858513574,0
0.0010220350639826847,0
0.0024861006929661755,0
0.8587812655106366,0
0.8585836656804289,0
0.8593650239616242,0
0.8584279138353281,0
3.431881865483618,1
0.006439363773581341,0
0.004737968551996374,0
0.006982808571629473,0
0.003616691888993273,0
0.004356399310368353,0
0.0016872693642224768,0
0.00288549662301385,0
0.001670328043658742,0
0.001793474963524222,0
0.003473457036169858,0
0.0006992949833222184,0
0.0008408245194830855,0
0.001672370225750619,0
0.002076471483771325,0
0.0007169672275977312,0
0.0001049630012088798,0
0.0004311353702255438,0
0.00016259253296802,0
0.00012597383990442523,0
0.0001461136489773196,0
0.0064638561597174515,0
0.004278003050985468,0
0.006371549334597493,0
0.002932964538497451,0
0.004425724463655634,0
0.0006413182625393254,0
0.00037425562886905794,0
0.00025006405251648545,0
0.000302913849733244,0
0.00019608896154021949,0
0.0009744302962984008,0
0.0008194449385832137,0
0.0016984456340529697,0
0.0008808794303738487,0
0.003680500389449115,0
0.0016093265205028295,0
0.002008268091930443,0
0.003087204419047751,0
0.0013952637078564756,0
0.0024325252951613585,0
0.0008725165685903313,0
0.0007116391665502597,0
0.000629358744141495,0
0.0026344579386554656,0
0.001181952890486393,0
0.18336823178728023,0
0.1804451869344348,0
0.1809129475086535,0
0.18060952607525538,0
0.724259006834294,1
0.002007667959196713,0
0.0007900886446572386,0
0.000912768548067433,0
0.0009743526176038131,0
0.0028186289479412707,0
0.002393437039128976,0
0.007506679607312883,0
0.002111758961095056,0
0.001804301018121457,0
0.002577727031786381,0
0.0020571661219852544,0
0.0022820387118560603,0
0.004963657841148272,0
0.003879085462212384,0
0.002002572698998506,0
0.002747387079822694,0
0.0034065571818793217,0
0.0014859050617714864,0
0.0034520263845942978,0
0.0030020782149295933,0
0.011515336712166757,0
0.011362060827354359,0
0.014354287905166352,0
0.042312331708111106,0
0.011472179905310576,0
0.003056143920501242,0
0.004158178452671635,0
0.004313402768968189,0
0.0030578735885722352,0
0.0025839473649806877,0
0.0012755308450480562,0
0.00150454111918652,0
0.001059812512992142,0
0.003472805117914035,0
0.00212353824922884,0
0.1802285816492386,0
0.18364281838077767,0
0.18425816695120245,0
0.18420536045453328,0
0.7251723991283492,1
0.438345419393146,0
0.43907418174300084,0
0.4401228188806625,0
0.4387539896449133,0
1.75493849373352,1
0.004087979378857298,0
0.005825122699405494,0
0.0024721566848908694,0
0.004492985146975048,0
0.002616204840354186,0
0.00036002410554836217,0
0.0002784627807215223,0
0.00026674987363906055,0
0.0007330371382305856,0
0.0007609905618357615,0
0.0005464843187557022,0
0.0008031736516525001,0
0.0008046895487572314,0
0.0005557008689613951,0
0.000976088350738813,0
0.8898217902111698,0
0.8889065164047425,0
0.8892558204772847,0
0.8897309007015295,0
3.545983526259139,1
0.0005470634371560479,0
0.00048140624118797604,0
0.0005478154449334305,0
0.0016694465244748713,0
0.00044143226389214973,0
0.8628894162673912,0
0.8612700782977392,0
0.8624827291918811,0
0.8631584563307921,0
3.4360924265088864,1
0.002403066733787984,0
0.002701554115150273,0
0.004779008954609587,0
0.0030433707962389533,0
0.0025747101429063335,0
0.003888236965839731,0
0.004444509111714012,0
0.003941347038087795,0
0.0026702462548366945,0
0.0074546920659637195,0
0.0015141380812373484,0
0.001196942000808221,0
0.0011845638242320433,0
0.001400806386124831,0
0.0031412143397520076,0
2.421953472220295e-05,0
2.9978596006063896e-05,0
4.8824736376573696e-05,0
4.119837676741511e-05,0
2.7621738974303867e-05,0
0.18159871232695712,0
0.18518848967650703,0
0.18495690366453443,0
0.1835754852330509,0
0.7330907671024307,1
0.0007219652546832656,0
0.0010105721245841082,0
0.0006013067733321442,0
0.0010123630906289094,0
0.0010111162693524633,0
0.008787134115486595,0
0.004107086385957803,0
0.004472034684313009,0
0.004546233125382493,0
0.006076671272716716,0
0.00021598056998373139,0
0.00028071169831633824,0
0.0007960086352563067,0
0.00029892660437891294,0
0.00028590419951113333,0
0.03721250454779135,0
0.01763149087070026,0
0.01386144069564521,0
0.011949577043850468,0
0.010489590586150843,0
0.01819458922215933,0
0.015091786977504462,0
0.012480916284761001,0
0.012962578065857766,0
0.014045586924369857,0
0.02793803171422926,0
0.042801977694867155,0
0.01792365329504131,0
0.022838157338347376,0
0.02820130894760542,0
3.710056246572102,1
0.9336739245834211,0
0.9489219393295665,0
0.9430702170798582,0
0.9415914663946858,0
0.049568544160168315,0
0.10125972024676955,0
0.06036745420470924,0
0.08167344053660708,0
0.05307303810876274,0
0.5805318677678848,1
0.19182293994209276,0
0.2501843879544827,0
0.17072989797092974,0
0.1602281172259823,0
0.04716680709370458,0
0.05373178054338856,0
0.08786222713011549,0
0.05201789786409172,0
0.076046223204977,0
0.5917519370273805,1
0.186408248609772,0
0.19330882106746383,0
0.16016720718207766,0
0.247836469481574,0
4.0,0
4.0,0
4.0,0
4.0,0
4.0,0
0.018758103257976888,0
0.02181159425220036,0
0.012634717958209585,0
0.013617466436076864,0
0.013436392737407044,0
4.0,0
4.0,0
4.0,0
4.0,0
4.0,0
0.021651412893858524,0
0.028265782476043277,0
0.0319105618359079,0
0.025770344891505204,0
0.03697358257827332,0
3.98928604609266,1
3.9974814546492237,0
3.9970017618725495,0
3.997588658381409,0
3.9972141711894777,0
3.0254714005772443,1
0.790434952891423,0
0.7892401916651135,0
0.8183483802642448,0
0.8126723939702631,0
3.026154082797076,1
0.8626706546101763,0
0.7708561634903313,0
0.7687015269940582,0
0.7622248975487871,0
3.999640194649457,1
3.9999386540616046,0
3.9999070791235947,0
3.9998935782956813,0
3.9999008831685763,0
2.02216343203626,1
0.5036112360148448,0
0.5132937387983123,0
0.5143863971233795,0
0.5710148864348561,0
4.0,1
4.0,0
4.0,0
4.0,0
4.0,0
0.015550036738640749,0
0.01834985657813304,0
0.014475225451663132,0
0.011497902313840402,0
0.016754234236568077,0
0.6149262928017629,1
0.15113827132968982,0
0.22277572787012812,0
0.20162189083963078,0
0.15156239712986697,0
0.5508405466375881,1
0.13227653076291102,0
0.15895177682999329,0
0.18460084454343662,0
0.13598629452793487,0
0.5086190847296272,1
0.21591705682903584,0
0.1493780733873895,0
0.14201570734007607,0
0.18573023973987457,0
3.988662706146781,1
3.9964964820204347,0
3.997072672473283,0
3.997539526254049,0
3.997554025399015,0
0.039496778484684913,0
0.011904207079700857,0
0.013355116512075327,0
0.023606333203920915,0
0.016725338502155296,0
0.07845224621184155,0
0.10756703694071623,0
0.07079933995204835,0
0.05917452218994157,0
0.057832974179576,0
0.18519150949085317,0
0.05272685817890865,0
0.09154160440625514,0
0.08147347269675054,0
0.07202524987328918,0
4.0,0
4.0,0
4.0,0
4.0,0
4.0,0
2.043079325296814,1
0.5477429281243196,0
0.5103380521677972,0
0.5766075015051735,0
0.5214462084172293,0
0.027621177973059297,0
0.02371580441742438,0
0.0293436897029018,0
0.020086615012328224,0
0.017797341660600985,0
0.1247096558297387,0
0.044909844069651594,0
0.04113391062241645,0
0.05134142611800474,0
0.040906236658898365,0
3.0933084133556403,1
0.8705132400745255,0
0.8705923475781079,0
0.8285573706414873,0
0.8097998105835806,0
0.046747971094485585,0
0.05966498245452456,0
0.07487222906631708,0
0.05175038716552827,0
0.07663857468228708,0
0.42668895486958647,1
0.24333349421006467,0
0.1385944580807732,0
0.17342221047957462,0
0.24684960094955422,0
3.9862088005669976,1
3.9968341529185176,0
3.996809235217256,0
3.996200668003155,0
3.9963647444280688,0
3.0662373276730404,1
0.7965372033327949,0
0.8113344092416916,0
0.8019956202637397,0
0.9727139410452712,0
0.018828339985233367,0
0.020671150702549212,0
0.017951528134593442,0
0.021852459616351183,0
0.024714946075741206,0
3.9851832811201664,1
3.9963474553768235,0
3.996318372539224,0
3.9962301388055494,0
3.9962873143985695,0
0.08305057783899894,0
0.0448770510547325,0
0.039382034116948184,0
0.04426599844970536,0
0.08248269209411152,0
4.0,0
4.0,0
4.0,0
4.0,0
4.0,0
0.027183684139408637,0
0.02756536364340567,0
0.03336005687002341,0
0.02381265939134547,0
0.026102505554089994,0
3.854061325552092,1
0.9788443395298487,0
0.9829266500311147,0
0.9736638800484902,0
0.9768097539575855,0
4.0,0
4.0,0
4.0,0
4.0,0
4.0,0
0.018699385720293726,0
0.01421600088369157,0
0.022375233684150952,0
0.01754277716818864,0
0.03547117440191094,0
2.160371541778203,1
0.5528328230255246,0
0.5496072759542132,0
0.5338907876790784,0
0.638778402134974,0
4.0,0
4.0,0
4.0,0
4.0,0
4.0,0
4.0,0
4.0,0
4.0,0
4.0,0
4.0,0
0.09494714865337395,0
0.11676326843495488,0
0.09583301110014641,0
0.0839267574256306,0
0.07439373913181946,0
3.162394316570225,1
0.81906899155035,0
0.8141079430607472,0
0.8026336588866161,0
0.8189240371650861,0
0.044518567032493905,0
0.048042822931803286,0
0.04096990737406525,0
0.05450464907715258,0
0.07116968696147818,0
4.0,1
4.0,0
4.0,0
4.0,0
4.0,0
0.011491331429535734,0
0.015758437789842095,0
0.012845149254747223,0
0.012511685435214304,0
0.02180152988571704,0
0.08971232461993317,0
0.09053417578905076,0
0.05149544036630571,0
0.0810560571768586,0
0.07477545145355036,0
2.329898148219074,1
0.5637720587046258,0
0.6220789423501567,0
0.587286561595115,0
0.6441167364597238,0
4.0,1
4.0,0
4.0,0
4.0,0
4.0,0
4.0,0
4.0,0
4.0,0
4.0,0
4.0,0
2.276735218255409,1
0.6304734203619691,0
0.6151130464401167,0
0.574725702729765,0
0.5634516318851128,0
3.0159607751780957,1
0.7667682729444532,0
0.8679161492812115,0
0.7664166815305173,0
0.7680909870233705,0
0.045461046374287495,0
0.02950244817635772,0
0.02479273982388941,0
0.03693805201170264,0
0.020270306862895993,0
0.008928961462799201,0
0.015049321401427118,0
0.008374812540821175,0
0.007716278370955454,0
0.013730749929477426,0
0.04902976546913118,0
0.04107470218307219,0
0.0384209106804656,0
0.038280805629175685,0
0.09955483061181125,0
3.0508566000469326,1
0.8054501531937293,0
0.802736245571225,0
0.8869838166103938,0
0.8708373898853226,0
0.017842630558330352,0
0.02156896729519131,0
0.015200686608499048,0
0.019998219769703063,0
0.013541730184793987,0
0.02421112914535417,0
0.014073537187317076,0
0.024519050509848928,0
0.023811936238017584,0
0.025170754875088353,0
4.0,1
4.0,0
4.0,0
4.0,0
4.0,0
0.021454156482868303,0
0.03854570163281057,0
0.03880035052634412,0
0.029768702725553098,0
0.02372327916442174,0
3.7261206208254425,1
0.9450159670050842,0
0.9582547135010331,0
0.944683484663313,0
0.9416521165464578,0
0.06658483769688184,0
0.1635466264191865,0
0.08461489002546196,0
0.07969163426169823,0
0.05987508571271549,0
