2.9003090878390214,1
0.7706018525721148,0
0.7771941663447932,0
0.7970971747427584,0
0.8357578318213723,0
0.07702145909858604,0
0.05175972114519389,0
0.06502764001890782,0
0.06260137833910306,0
0.0864608838216796,0
0.09850656736453622,0
0.20593571317298576,0
0.09128193745012148,0
0.12059437661663619,0
0.17527357299528434,0
1.7219904494330254,1
0.44904145862816547,0
0.6097818953204226,0
0.5737883296734791,0
0.5729988781572457,0
0.1634182303782219,0
0.3564270759130359,0
0.17167369336002558,0
0.19281105813461297,0
0.16626874298956595,0
0.4643624426936328,1
0.13777714397117613,0
0.1733434188653975,0
0.14875124341918644,0
0.16046714134100037,0
0.04753296576013888,0
0.0391304844024587,0
0.07559924797072215,0
0.06219122147591749,0
0.0657711963462102,0
0.12649978563673958,0
0.1443987139581382,0
0.1481749982831877,0
0.12035982566072922,0
0.23059676960141262,0
0.06440577629114896,0
0.13401660433438334,0
0.06836587708241382,0
0.0584252931485727,0
0.07829701415833412,0
0.09172854396304331,0
0.07619250812381884,0
0.1912857346918324,0
0.11209370206976965,0
0.0695443027337368,0
0.16708705178899308,0
0.24808538987418682,0
0.5084689313362905,0
0.1679097528965885,0
0.22070201464188255,0
0.15337800932738865,0
0.09558064427945334,0
0.09408117651514125,0
0.1510603430251276,0
0.15869038483544795,0
1.7869003531372059,1
0.5393556211995234,0
0.6144379930847079,0
0.6064765052866745,0
0.5021295310681935,0
0.07865353503777861,0
0.06771375507410582,0
0.1845158139220775,0
0.17488279246743677,0
0.06200256730890308,0
0.055917510245317104,0
0.07078706532522983,0
0.06322338239387948,0
0.08082064990702076,0
0.052375063501543195,0
0.10280288730721576,0
0.09488105351995868,0
0.09925327268878004,0
0.23940390207970985,0
0.21845174987314397,0
1.4978704949321333,1
0.39355424747968737,0
0.6348061478683626,0
0.3853901677990974,0
0.4346991791889345,0
0.4631532866698569,1
0.1644960725593081,0
0.13266760037175462,0
0.12239923474314152,0
0.12917848392094822,0
0.04270939395283779,0
0.0455419940912547,0
0.032898203641124724,0
0.05798570037850315,0
0.0586601797502917,0
0.08702020045952619,0
0.13669167633635926,0
0.11584381049664705,0
0.08500401785585376,0
0.09007235595816931,0
2.4377519934428538,1
0.6259410379279999,0
0.6234448662014724,0
0.8471224262853467,0
0.6283323626093269,0
1.6790206740095792,1
0.5359421147322547,0
0.6225521311334168,0
0.6404386530841801,0
0.5486549193002337,0
0.24495213977186125,0
0.11961069655739553,0
0.09157493789913307,0
0.07176884196283906,0
0.07327471708370137,0
0.04771905161025902,0
0.048331343674693716,0
0.10522204024793069,0
0.04970554144302941,0
0.039968269061827044,0
2.84071538818599,1
0.7811227462135792,0
0.7505249048632754,0
0.7108865698213482,0
0.7122503653960068,0
0.050827124635633325,0
0.05274978533145491,0
0.04487411503531691,0
0.06396435212547846,0
0.07793263966547714,0
2.6977843082482442,1
0.8232111229135932,0
0.7574229780269408,0
0.7125927369158731,0
0.7606963046878974,0
0.04677324419173523,0
0.0536889836905492,0
0.03416329009414554,0
0.029114278618379785,0
0.04582726982108909,0
0.20906633040304534,0
0.26527059350888127,0
0.1326272984364456,0
0.23414559901235688,0
0.2026414488417858,0
1.6046160736484607,1
0.4385377723868915,0
0.6145148885121721,0
0.6208567652692745,0
0.4171241272943864,0
0.18562351504842933,0
0.17359318327229634,0
0.18095265691618678,0
0.12902636441322057,0
0.17614366848647567,0
0.27297331034378125,0
0.2579991422509975,0
0.11985736068587771,0
0.13817185541990895,0
0.16436105308987692,0
0.01833181111942883,0
0.05180638387114023,0
0.029451315358284713,0
0.018270184044628657,0
0.02001062583554658,0
0.09237411863517675,0
0.09936814287780749,0
0.07501306844588562,0
0.0752709085352472,0
0.10338802010562631,0
0.2653135839887155,0
0.14958762886838972,0
0.19963389721399194,0
0.11973609540282615,0
0.20245242789962292,0
0.053848085784658384,0
0.07036665681995924,0
0.057164173803596174,0
0.08322163034912888,0
0.05914441292631256,0
0.12195208881760777,0
0.08608254084404132,0
0.1651950140141203,0
0.11992758576900808,0
0.13472340450442966,0
0.06293489649281891,0
0.1003875589014207,0
0.05871117421746597,0
0.07205017271401282,0
0.08834975880322116,0
0.04918873438136284,0
0.041621057072599665,0
0.06904905692749441,0
0.1091355388215578,0
0.09579769364252044,0
2.695623215080516,1
0.8115214331980334,0
0.8819666364057639,0
0.727700745245726,0
0.7380323742380659,0
2.714399933439482,1
0.7628129327444055,0
0.7537702881724262,0
0.7875544824462599,0
0.8853290458187506,0
0.09056242257794755,0
0.05759569710665691,0
0.11064136392369361,0
0.1256136146341369,0
0.0738225379307833,0
0.09715215051265513,0
0.11873542559877892,0
0.1643242756798604,0
0.15271358066923435,0
0.08493704770728083,0
0.14054642635889092,0
0.07745377490586725,0
0.08336795010800602,0
0.07465116656417958,0
0.25825456362697663,0
0.07066268848316959,0
0.1090998655645441,0
0.05404070578717324,0
0.05993031064812149,0
0.09711397657492205,0
0.03761941179306261,0
0.07245951732324762,0
0.03744965076442863,0
0.0443335573620347,0
0.0492437982471996,0
0.0822814185261529,0
0.057804720715842084,0
0.06654565983729288,0
0.0931966404109188,0
0.12651144939561076,0
0.03040270689415614,0
0.028250025056114403,0
0.030851107622959173,0
0.029753010301118987,0
0.1122341990262008,0
0.03347261962698633,0
0.05131550911999305,0
0.04403656837725389,0
0.03869939155385271,0
0.0272162635272446,0
0.1430382246794677,0
0.1262063442490593,0
0.24234145378655247,0
0.08704435398725607,0
0.08101763595700628,0
0.13529221794396307,0
0.11584644776942632,0
0.0830483579576109,0
0.08477908781824439,0
0.08925039212249031,0
1.8470022208625716,1
0.5891970650556351,0
0.5851563724422313,0
0.5623497819771841,0
0.5634312581601444,0
0.048660652304682195,0
0.06175895060308978,0
0.029007074218416307,0
0.0383220112577809,0
0.03458345834590304,0
0.16534050772541864,0
0.10938294763714662,0
0.13125283008011124,0
0.08364422107414349,0
0.20207203297894694,0
0.14585879382103029,0
0.31361421915281573,0
0.18074855007360435,0
0.17148206255020604,0
0.27147532624504445,0
0.49605297611165255,1
0.1431602823818876,0
0.17152332261397474,0
0.16273810142334222,0
0.13171553493255406,0
0.05795145262794721,0
0.054528899885914583,0
0.10688365305205716,0
0.04737855710722716,0
0.09059876729907579,0
0.023628367180625443,0
0.03429620660889654,0
0.069432266588207,0
0.0432864384241185,0
0.03980511866189307,0
0.14856654035815442,0
0.10632473682126387,0
0.07517005994773118,0
0.07383422610904322,0
0.12235913304227353,0
0.08156006768760271,0
0.05212364732071517,0
0.044856852186605956,0
0.05269518003031726,0
0.08443566278166603,0
2.6113942329318047,1
0.8249542667789562,0
0.7387950041114952,0
0.7596533962641252,0
0.6901382848317983,0
0.04638538590682284,0
0.052599191391895506,0
0.04564032482780167,0
0.10613928060359656,0
0.053938229193668086,0
0.19018822495458654,0
0.21644381716714012,0
0.10956664791897852,0
0.08140623749273068,0
0.09061173318043103,0
0.1421514822597989,0
0.11203463770292021,0
0.1265079095593502,0
0.2013065766691251,0
0.12858004419114488,0
0.046556607491768265,0
0.0539508613394144,0
0.049688305707503044,0
0.08882572852822568,0
0.03635845209325206,0
0.076373498124374,0
0.09043839881853799,0
0.10672122230536907,0
0.10331301205838583,0
0.1875640782159511,0
0.49971608024924885,0
0.5009396945856501,0
0.41939777800260014,0
0.4389524894362409,0
1.6484044659542025,1
0.9363784804465634,0
0.9837101289581156,0
0.8710707608054742,0
1.0280878716711,0
3.164472183026781,1
0.2381022476255965,0
0.16363373543358062,0
0.12892340872904517,0
0.18204120157685644,0
0.1649503199793454,0
0.17921013986680778,0
0.19924924748274186,0
0.20698874299550418,0
0.15145914597618804,0
0.1550256233367402,0
0.42983710711823964,0
0.47722850809617245,0
0.5726080018900079,0
0.5417077121983427,0
1.6248303868891796,1
0.4689490660879545,0
0.6286404363454907,0
0.46740756579058473,0
0.4908155047650977,0
1.542175449799037,1
0.09185043929765957,0
0.07454782468231613,0
0.0905470888258364,0
0.13515211518442127,0
0.1126253878047141,0
0.08549401941477797,0
0.14744692607437493,0
0.08495292666771004,0
0.0763569806466462,0
0.10813824201781363,0
1.0289223432172157,0
1.0299541484929944,0
1.0351656555626105,0
1.0461758477496041,0
3.9896127982741336,1
0.2761282983765758,0
0.1328659396873486,0
0.14458688882831794,0
0.27692324431213944,0
0.23459594979168452,0
1.0623998895256554,0
1.0634852763165323,0
1.0503251730700822,0
1.074176526258845,0
3.989759277331773,1
0.8506546707781597,0
0.9800597472158192,0
0.8551079474757182,0
0.8699329115829273,0
3.197134126252136,1
0.04341549501339337,0
0.0237287461049438,0
0.027675822332371425,0
0.06782590018151957,0
0.0239231822219379,0
0.5524279459954058,0
0.7156815259442721,0
0.5168145893777982,0
0.5220225115873696,0
1.992084164944529,1
0.46534690665742806,0
0.5757486485882497,0
0.5369974584957218,0
0.4346748069649258,0
1.630672126487124,1
1.0476453699166517,0
1.0445493339767848,0
1.0920759573498895,0
1.064927417887588,0
3.988087211707513,1
0.23965276144263825,0
0.30538012561993,0
0.2662028782580079,0
0.18073081621186438,0
0.19756261311645007,0
0.11904044467751485,0
0.06865157493866647,0
0.06657828213089356,0
0.04879494742598345,0
0.08278336547195275,0
0.2363848063391134,0
0.2134100535291017,0
0.17900964473791836,0
0.19536829925773436,0
0.19191986032575636,0
0.47695885809794625,0
0.4807461255265615,0
0.6933890668681562,0
0.5022948733429926,0
1.775821505472872,1
0.10574335167058369,0
0.1884975508505491,0
0.19341429797170084,0
0.13649341860400943,0
0.215275648705326,0
0.08881280993698404,0
0.07957001214590287,0
0.07605399610518582,0
0.1085741305964536,0
0.1536648991206242,0
0.051496013545734076,0
0.04000904334533706,0
0.040597431204655976,0
0.06317097470321897,0
0.05609004859131783,0
0.4337980877388188,0
0.4254996929221373,0
0.36924476363219316,0
0.49670762333103635,0
1.427849968438533,1
0.14410062265514956,0
0.09987769569723426,0
0.10629647166079348,0
0.07357877396579982,0
0.06990363140063893,0
0.13916898189194526,0
0.06082240472151845,0
0.14859606867791575,0
0.07706054020892239,0
0.08437003507311891,0
0.011610867212710207,0
0.023629672606009233,0
0.015155303594437619,0
0.02652485320529374,0
0.019386657652590067,0
0.12419509506612414,0
0.1536500858645029,0
0.21408094805401312,0
0.22168598099334247,0
0.19093376201396284,0
0.21677046015342682,0
0.17783945164516268,0
0.16386339717290843,0
0.1572638682007237,0
0.171917030846104,0
0.14414021707521396,0
0.1283914154105914,0
0.15698194680117172,0
0.22500012470973774,0
0.20236097509173412,0
0.3608222306112161,0
0.3538504439077408,0
0.3436266809751656,0
0.3193626811203236,0
1.2476573775998063,1
0.17211707289046974,0
0.17740355996014356,0
0.21761580759315802,0
0.10738184970307696,0
0.21622584781565024,0
0.2716979400307702,0
0.2265607311692337,0
0.16841806556711214,0
0.1433236718526243,0
0.24373285329144068,0
0.045806995918716176,0
0.035247213594970184,0
0.04896714490998377,0
0.03959750185434974,0
0.03407244808408638,0
0.12111402964988871,0
0.13531973806882647,0
0.06923836943304362,0
0.07632426521380031,0
0.04922426215493392,0
0.4072144802146598,0
0.3908345373493307,0
0.5510650539161679,0
0.4260229321193876,0
1.3797297557199784,1
0.054164002531567945,0
0.04270579712074962,0
0.11438238059183847,0
0.06501731110053877,0
0.09260367317915419,0
0.12398991310361573,0
0.07983623711911747,0
0.17875633152008952,0
0.09768178171474373,0
0.08867680850858584,0
0.21228682332074023,0
0.09976880293568913,0
0.08975311331093083,0
0.09116254060172846,0
0.08521825714597497,0
0.5033413612832751,0
0.518717843805816,0
0.43836645112110606,0
0.5625741423560573,0
1.4412800420446246,1
0.14962326362055833,0
0.27971670420794714,0
0.1516017704872059,0
0.1702531528921285,0
0.14209116945972378,0
0.06344291237481103,0
0.034184879066859075,0
0.04732969269883114,0
0.03484707241191609,0
0.037452265141669994,0
0.15617874764592266,0
0.15230590271374345,0
0.10664155695216282,0
0.13869713213745616,0
0.08255621027146987,0
0.06308598146563638,0
0.07244421492184872,0
0.05414991388765733,0
0.04108772550837303,0
0.07128170013952362,0
0.040306560493687194,0
0.037605329126217946,0
0.05051368622723329,0
0.06177748242862213,0
0.07025338341210263,0
0.05232182633446136,0
0.019758786704699993,0
0.024669752726567573,0
0.042495312346763736,0
0.030167962907824197,0
0.06705548486730795,0
0.0602567359077435,0
0.1484470903530477,0
0.07144754576142187,0
0.08790907346592736,0
0.07598730753980476,0
0.06429092554598803,0
0.06957620274168885,0
0.07790451774798912,0
0.12035828829106077,0
0.43283003064930003,0
0.5216649438909702,0
0.47088877923309225,0
0.4742885043572609,0
1.6446640896546603,1
1.0590428806217091,0
1.0178905428149947,0
1.020032250988136,0
1.0281638598789709,0
3.9883511227121438,1
0.08610388672975944,0
0.18356406524808655,0
0.1301554618270191,0
0.19985585341843937,0
0.10202183398597775,0
0.06353764107475701,0
0.06855822800898848,0
0.09835595664663899,0
0.07090155489420624,0
0.15075484730370636,0
0.12629393707455616,0
0.16884422871084048,0
0.13195989046030832,0
0.170870098046779,0
0.2349507038584715,0
0.050018023938143585,0
0.01632598212244485,0
0.029901646476441,0
0.017712039015320258,0
0.01987886702238484,0
1.0374760442945283,0
1.0506822791319599,0
1.043555275751023,0
1.049624632565492,0
3.9843789516742008,1
0.13759560096238976,0
0.2551932493800728,0
0.23149160918084544,0
0.1842636064737393,0
0.27124590907815804,0
0.08755430592987778,0
0.07163415012581709,0
0.0723054669648251,0
0.08221199047125083,0
0.11551998666817331,0
0.13459645082935623,0
0.0812413240172436,0
0.07973446795662253,0
0.0906153085840451,0
0.10416946558887563,0
1.029375812135103,0
0.900062127919699,0
0.8946782432576104,0
0.9326043091589846,0
3.394585199205792,1
0.11369261913410478,0
0.07922036059814364,0
0.0659949435099958,0
0.14398793683636546,0
0.07946537862607617,0
0.48210923810792927,0
0.4664890378066775,0
0.4265205517512225,0
0.46004448764031247,0
1.5862761663777456,1
0.04065056056948402,0
0.05739178973484238,0
0.0362618778376973,0
0.05134869037346679,0
0.03555282119297187,0
0.14593949406421647,0
0.13094943702193973,0
0.08311122440648111,0
0.2690221499596879,0
0.116835053437093,0
0.0337246012918313,0
0.03908413900548169,0
0.059842700548435435,0
0.03205042353423915,0
0.04376800715117124,0
0.08166328527196631,0
0.03768386492284792,0
0.03746106260445803,0
0.07461695720144013,0
0.028697043908116893,0
0.2046070411088312,0
0.2620431174467637,0
0.2866051224048203,0
0.1427695544838561,0
0.22725747190719225,0
0.0416380465935573,0
0.08789324125728903,0
0.0521194958960729,0
0.06238914184997224,0
0.036665152749874697,0
0.00019404842333470285,0
0.00037604896627607687,0
0.000292109747362268,0
0.00029002997798954766,0
0.000281999458109361,0
0.0001585078350552216,0
0.00013913638561602326,0
9.884182112962492e-05,0
0.00013510898740864974,0
0.00024246006526951192,0
0.0004757018315659778,0
0.0003613397565729315,0
0.00028563050907903786,0
0.0004655224712815098,0
0.00023558342998519777,0
0.003318241100215502,0
0.004988831775135427,0
0.0041142979756565445,0
0.004709878128135614,0
0.0033734716746129934,0
0.0015593585063835569,0
0.001078929923843397,0
0.001000652609381092,0
0.0017720123118896147,0
0.0012954571312482344,0
0.00037143950957707617,0
0.0008237822507455306,0
0.00034189082024171924,0
0.0011359118285296788,0
0.0003368131654002404,0
0.0012183251519273242,0
0.001244612695740166,0
0.0011726492323189674,0
0.0008043144535498925,0
0.0014421514089946186,0
0.001717417051963377,0
0.001653032576083735,0
0.0036309407309635944,0
0.002428165522080583,0
0.0022445407321085575,0
0.0015131776183467949,0
0.0012037423356101584,0
0.0025041227970095115,0
0.00098754419685676,0
0.0010195292925274657,0
0.001984285977529865,0
0.0006727576242564481,0
0.0011706406999190122,0
0.000874081140793681,0
0.0013575730506070194,0
0.4756914168254114,1
0.11895319108472258,0
0.11855698725153863,0
0.12151905901828286,0
0.12456766260280805,0
0.006291452157992428,0
0.002736440348636293,0
0.004481515807728265,0
0.003445333422731345,0
0.0036073034480255117,0
0.47630530496216084,1
0.11861043796424742,0
0.11864594418982044,0
0.12401277322499693,0
0.12365454021505196,0
0.0015759642884352054,0
0.000560384395718927,0
0.0009133797879394834,0
0.0004850100838864613,0
0.0009037052577607341,0
0.0005169278011187828,0
0.0008824179596746973,0
0.0008166239743609971,0
0.00058752913443616,0
0.0013308873075050798,0
0.011912449765243416,0
0.04061379722400371,0
0.01655964799322973,0
0.012339818313069628,0
0.011906497983124709,0
0.0018048903325618149,0
0.0013156429997294161,0
0.0024868746233024375,0
0.0023998229724013775,0
0.00210972829992917,0
0.002948241748018443,0
0.0033897153043840333,0
0.001794012281527202,0
0.005687840904526897,0
0.0019551185906769852,0
0.46427186988929847,1
0.1160965865215271,0
0.11658204982656306,0
0.11576597208598516,0
0.11692750975381472,0
0.0022437540310678017,0
0.0012658145136956733,0
0.001603187127216188,0
0.0010994772547219256,0
0.0015264334549347502,0
0.9462882547683571,1
0.23610744641964843,0
0.23829419348273495,0
0.2387161345134956,0
0.23655619697382502,0
2.2044679622440513,1
0.5544399611327888,0
0.5537621293372181,0
0.5554341864161145,0
0.5589525821011314,0
0.0006400956055774287,0
0.0005260631890382506,0
0.0007334495209461167,0
0.001267247395505322,0
0.0007128695240581351,0
0.00025852707888818216,0
0.000390727547614933,0
0.00025202038167204677,0
0.00021065658961205713,0
0.00013470866375575596,0
0.0026805118018953245,0
0.0030803931010856545,0
0.0059725634645433345,0
0.002503293228944159,0
0.006168236551983952,0
0.001565275121003129,0
0.0030797876237063093,0
0.0032623616435296654,0
0.0025769483722020148,0
0.0034153003520680514,0
0.002004189424960501,0
0.0026970753672186376,0
0.0010579495336808797,0
0.0019279286258306882,0
0.0026842559695063883,0
0.0019244845096082486,0
0.0027376804700098845,0
0.003779913355328901,0
0.0038780706710923596,0
0.0023751961215463524,0
0.0025831025218856496,0
0.005536333034855012,0
0.005262161912174879,0
0.004739725302874032,0
0.0022441685658294297,0
0.9460151728792696,1
0.2368453092361844,0
0.23733860730913392,0
0.24088942334463903,0
0.2426656625872381,0
0.002408912513952366,0
0.0038598147673605254,0
0.0021086190543080363,0
0.002717669851622695,0
0.00349443284706652,0
0.0003914736450516543,0
0.00012001120455895631,0
0.0001685668461064438,0
0.00014097582648364693,0
0.0003372316623666549,0
0.9363255894120925,1
0.23562306836488034,0
0.2405925801541584,0
0.23645372688446642,0
0.23561122488797803,0
0.00454127615125266,0
0.004715710866524336,0
0.004162669095641114,0
0.004242387695918559,0
0.007201512745858896,0
0.000575686496485428,0
0.0011182657976793742,0
0.0005550137549019674,0
0.0022161930836750443,0
0.0008853212752168993,0
0.0006771256393469649,0
0.0005541002088098601,0
0.0002680963611676468,0
0.000403846830029142,0
0.0004065714468626247,0
0.0022497418156026683,0
0.0034570510217442063,0
0.0018039574243395862,0
0.002370452824204783,0
0.003031334078275272,0
0.0007416683053280693,0
0.0006801852865745417,0
0.0006143682104347015,0
0.0006127041065151495,0
0.0003174981531812726,0
0.0006309413400384933,0
0.0006436122446427106,0
0.0006362705041720318,0
0.0011325446152179452,0
0.0007553032549960648,0
0.0020905882947528376,0
0.0021623734193561006,0
0.002089674848363199,0
0.003211944049466453,0
0.0012569841423921702,0
0.016481279285406103,0
0.04402408105791489,0
0.014143300060701414,0
0.014658029883612311,0
0.01394826587284781,0
0.47368838143048686,1
0.12282773168655581,0
0.11874759485694497,0
0.11787161477314445,0
0.11781148215980419,0
0.0058148560872557375,0
0.005346817573830265,0
0.0019786204664735685,0
0.0019361997248354967,0
0.002238053711760557,0
0.478614485988222,1
0.12211359671519162,0
0.11955743741376423,0
0.12505207846648636,0
0.11919071323165165,0
0.4737517805505229,1
0.11792369258254487,0
0.12162173756614214,0
0.11899111177006683,0
0.11776102420395285,0
0.012318507033773685,0
0.015893492818722432,0
0.04078164266542439,0
0.016165564983057212,0
0.012830912581888398,0
0.00032935274161216554,0
0.00026812629001238264,0
0.00013367363854088765,0
0.000323909110695908,0
0.00017622571662556652,0
0.9364584485688665,1
0.24017888118295483,0
0.2355186360275061,0
0.2352469668902053,0
0.2351907975419354,0
0.00039582214497624335,0
0.0003313464168939184,0
0.000932495793795507,0
0.0011451545533929242,0
0.0003689973930720569,0
0.47242003343216155,1
0.1176742238690931,0
0.11781647994709488,0
0.11778550164229706,0
0.12300915674349788,0
0.0007830201605223408,0
0.0005785441550951731,0
0.0020780282012027307,0
0.0009285955953952651,0
0.0006080103082370947,0
0.0020390504867275894,0
0.0018964257536473461,0
0.0021323245284996517,0
0.0038723568751724002,0
0.0023884770388122867,0
0.005675928879376624,0
0.008120493334549117,0
0.005627646497829986,0
0.016914892478258725,0
0.005801451466649343,0
0.4818476368210476,1
0.12036136187302393,0
0.11916585121784351,0
0.12158732137617312,0
0.12296014637314334,0
0.005482451975380442,0
0.0018038816372918376,0
0.0019908825631542726,0
0.0015405631847023038,0
0.0020194461440374845,0
0.9660400120298593,1
0.24148877866187846,0
0.24273590298128012,0
0.24297749369898014,0
0.24072710448081525,0
2.203074736430988,1
0.5525201289842281,0
0.5539916246378129,0
0.5555013341775243,0
0.5551660540397929,0
0.001029308873715884,0
0.001682047226294614,0
0.0018208463174911316,0
0.002746171847887169,0
0.001002025474403645,0
0.002004287539880689,0
0.0012887101306611193,0
0.0033028537559447457,0
0.001234618551134492,0
0.002233591431429538,0
0.0009494911068612666,0
0.0004222921208700825,0
0.0006560404230961936,0
0.0007913362856002415,0
0.001071130594848757,0
0.0019920348889566064,0
0.004003662093150506,0
0.0018287268507948262,0
0.002046941461129048,0
0.0012566313124118267,0
0.0073543301238085945,0
0.005374764233098794,0
0.003344091500333768,0
0.005843792754550492,0
0.0027390461322021054,0
0.000777458573010481,0
0.0008421742884126004,0
0.0008170420635020825,0
0.0005758900781089871,0
0.0007568715167152185,0
0.9412864391598696,1
0.2368290948024061,0
0.23526633002682518,0
0.23665537050795393,0
0.23631575420900708,0
0.003242030403948881,0
0.004430151341659361,0
0.0018765959067801319,0
0.00607542832166974,0
0.0024051815296024515,0
0.002288654508475929,0
0.002866709625422015,0
0.002527068883868999,0
0.002133541197662847,0
0.0028774756433667115,0
0.003254320244094444,0
0.0036558158974790977,0
0.003247565027022059,0
0.0017974623145198265,0
0.0018531839531696903,0
0.004291725726981888,0
0.002746061384052645,0
0.0032936497077438176,0
0.003597608090907478,0
0.0018168736383907813,0
0.0032105371346848877,0
0.004551206634966221,0
0.003281075316131421,0
0.0044390963792224625,0
0.00393617822646064,0
0.43673211185082117,0
0.43766432031046376,0
0.437326176848579,0
0.4386960915857361,0
1.7475744335347332,1
0.18159674975491802,0
0.18501081645564987,0
0.18126878619421394,0
0.1880157440493635,0
0.7307089016358299,1
0.003789328054859986,0
0.0010092227726294922,0
0.001418460905203922,0
0.001859350108230462,0
0.0012049813573802304,0
0.0010753413167927661,0
0.001943665415474971,0
0.0017632726428411516,0
0.0009088500041092296,0
0.0006991575193797672,0
0.8925708267575843,0
0.8908997266836454,0
0.8905886187144674,0
0.8907714985562247,0
3.5473575533948223,1
0.0019519577604789617,0
0.0034658064165307145,0
0.0014026858679230259,0
0.002001172251274941,0
0.0016560278202057965,0
0.002113314906514674,0
0.003980679131665443,0
0.0026019300902913045,0
0.009064968710630339,0
0.0027955548762195193,0
0.00161597489720533,0
0.0015130460120267308,0
0.0015704527040734106,0
0.0014089393453367016,0
0.00461797765744798,0
0.0003260189729394902,0
0.00031399827432432303,0
0.00042597929902710163,0
0.00044488860973990185,0
0.00041434507811821675,0
0.44968385394865296,0
0.44273423748916496,0
0.44253563260235085,0
0.4419477545476962,0
1.7604841942086562,1
0.8880487563686068,0
0.8883068969566907,0
0.888665102086668,0
0.8868162099857084,0
3.543217395874643,1
0.00027087540387205067,0
0.0004455509961376336,0
0.0004719934681816085,0
0.00020209534015336317,0
0.00017045749313915337,0
0.0002229438079521806,0
0.00037773792035666887,0
0.00025405932683630894,0
0.00024334047926188873,0
0.00024907544295826867,0
0.0004928372556078919,0
0.00073780077672847,0
0.0005195489899474381,0
0.000628344298204464,0
0.0008971088435933972,0
0.8897347443090666,0
0.8914895258238733,0
0.8889777835183557,0
0.8889794177411825,0
3.545647657804386,1
0.0011428476078090277,0
0.003610396165595109,0
0.0018938314236525144,0
0.0013345934044206587,0
0.0019414112175621945,0
0.007615199094896941,0
0.004228047340622432,0
0.0028351448170451654,0
0.0030623121197383973,0
0.002725529169545382,0
0.001880396218051139,0
0.0006957848994062488,0
0.0006717393307065223,0
0.0009689320331691675,0
0.0018638781590336606,0
0.003471257473639966,0
0.0046674785556315435,0
0.0028226463765630427,0
0.0036346348731499667,0
0.005443741631522503,0
0.0018090034041096104,0
0.001671969730737466,0
0.0011637544449989434,0
0.001071545959427045,0
0.0018208394026784092,0
0.3597666029666513,0
0.3622865794504939,0
0.36007625871003723,0
0.3625086275080709,0
1.4353892674972082,1
0.0008229092862008791,0
0.00048556910740327197,0
0.000665011950755634,0
0.00121945215778263,0
0.0007088542831610312,0
0.8596113380325461,0
0.8599006960109961,0
0.8602494767835416,0
0.8604360515381289,0
3.4345962173154416,1
0.0013260741242162588,0
0.0008722995636247788,0
0.0009549160828496994,0
0.0018910925697497305,0
0.0007305364053502572,0
0.005144762953831261,0
0.002600853815157844,0
0.0034998827291232715,0
0.007297752773918198,0
0.003282632098287497,0
0.0007020715997247962,0
0.00039128476338312623,0
0.0011151557265360879,0
0.0003478630793019022,0
0.00038298214236309747,0
0.004827179338275478,0
0.0016676773517216859,0
0.001610829893500032,0
0.0016360665756436354,0
0.0047092221981830384,0
0.044279744982085756,0
0.01683049545152704,0
0.012442413978924982,0
0.014381570094543328,0
0.013282266671180043,0
0.0011670070075222583,0
0.0010046893136417268,0
0.001124387262984694,0
0.0028852551722016173,0
0.00265951833641509,0
0.18356348155729174,0
0.18187393051166545,0
0.18338058108612199,0
0.18019155856228242,0
0.72503615633841,1
0.18277068679370156,0
0.18344813380477865,0
0.18226024417653797,0
0.18327531326390556,0
0.7315424905285197,1
0.0009640792387646258,0
0.0024224012129958616,0
0.0011003910383626803,0
0.0022504091911934587,0
0.0008581112880303721,0
0.10407922623824106,0
0.10427574449128496,0
0.10441669119150987,0
0.10381886956980502,0
0.4159558044658471,1
0.004756643431568897,0
0.002158511957592424,0
0.006361742635619727,0
0.004232288464252054,0
0.0025307683831119476,0
0.10372804557112403,0
0.10479268229077743,0
0.1042547557704383,0
0.1052081339358919,0
0.4142383476139426,1
0.43987507582901797,0
0.44463308787632005,0
0.4449042283578861,0
0.4396473636010332,0
1.7571279952915018,1
0.0013589026909910373,0
0.0012426216908574261,0
0.0033257758008353733,0
0.00241452921915819,0
0.0014395569393146346,0
0.0008893230828665999,0
0.0009147234379596192,0
0.002768884402238214,0
0.0007593119885451749,0
0.0006683807779288564,0
0.44269003082317315,0
0.4417474748441266,0
0.4412914427288559,0
0.4501143433632393,0
1.7672113723829908,1
0.44496772702997633,0
0.43950484091963915,0
0.4387833040098421,0
0.43959873621258616,0
1.7579769047591798,1
0.0021292617378487755,0
0.005393506650717139,0
0.0045956545532552795,0
0.003057712962712067,0
0.0027475068255737867,0
0.0011207732316824703,0
0.0009602657356735378,0
0.003095908601564279,0
0.0011403920099288811,0
0.0014103178789648396,0
0.18428607298821742,0
0.18385865367461962,0
0.18387368541106008,0
0.18080684137965752,0
0.7301941808037573,1
0.0023547835373265436,0
0.004264287179204018,0
0.003730297270943872,0
0.003950409600590454,0
0.002856989142927091,0
0.0008659571707156921,0
0.0007614146316998749,0
0.0007358640852936915,0
0.0013390384376235076,0
0.0031648270561142056,0
0.0009877012113590489,0
0.0006692124663696397,0
0.0009392785135560189,0
0.0007190465845248184,0
0.0030188004573483695,0
0.0031195975226170347,0
0.002651195481704338,0
0.0035205049728466165,0
0.00297549503464678,0
0.007380186325666838,0
0.005829294309106281,0
0.005318972697807123,0
0.004005471655512238,0
0.010541493281068348,0
0.00842079894154768,0
0.1866727323812678,0
0.18633151084101884,0
0.1854779482568052,0
0.18242262518938368,0
0.7370629346590727,1
0.0028694864099434447,0
0.0017194408192970911,0
0.001150465132460532,0
0.0009227336998827163,0
0.0008393631011984759,0
0.0008565854065332168,0
0.0006279309708530079,0
0.0005841955045986502,0
0.0018135694407419578,0
0.0012281940373157774,0
0.181615046899108,0
0.1790972625216587,0
0.178646160768551,0
0.17906262636201298,0
0.7172750120232094,1
0.8597809118403261,0
0.8594335646146081,0
0.8628872514469199,0
0.8596896418368245,0
3.4329142348886164,1
0.013412788434920664,0
0.01188014401302162,0
0.013726201190534582,0
0.01878927101497574,0
0.042575966055101055,0
0.0040808157106067,0
0.0021428879703839776,0
0.002778166255724468,0
0.0025050187972714966,0
0.0021325849435966937,0
9.732404049866972e-05,0
0.0001088875723023186,0
0.00023528356464996847,0
0.00012561059392712792,0
0.0002964142096790745,0
0.1839011517022726,0
0.1858817642324686,0
0.18367448481284665,0
0.18358184715032966,0
0.7363198473927142,1
0.003989609950779016,0
0.00146481682461852,0
0.0017259380722451922,0
0.0017306006567014975,0
0.0035826934904403807,0
0.35813938686873836,0
0.3582663447205565,0
0.3584745552245985,0
0.3574200310165585,0
1.4305156129138399,1
0.0014776142957657612,0
0.0021962025999311408,0
0.00185836229713221,0
0.0019105242820600665,0
0.002449026422572942,0
0.007752792680145504,0
0.006051773595820986,0
0.0025313226814391854,0
0.002171390369931636,0
0.0021337895257005357,0
0.0015704351406826689,0
0.005864268770104708,0
0.002342065143580374,0
0.0025670180514003604,0
0.0015816982390735035,0
0.0009974319005694454,0
0.0010367936303703473,0
0.002443013215039258,0
0.0019178090130980152,0
0.0007428534362112771,0
0.0006744832619753893,0
0.0009583302525180137,0
0.00043562709982758463,0
0.000626262002727529,0
0.0003414299078396965,0
0.12365765896206327,0
0.052361826060503436,0
0.04141318129013172,0
0.04135100289228921,0
0.06085031727772616,0
4.0,1
4.0,0
4.0,0
4.0,0
4.0,0
3.9888460186554844,1
3.996474547800859,0
3.9976045127106943,0
3.997616711398859,0
3.997150246745072,0
0.027842535129416035,0
0.04203241500023447,0
0.02222361148084495,0
0.039626867962156975,0
0.021843691791210595,0
4.0,1
4.0,0
4.0,0
4.0,0
4.0,0
3.703636762792557,1
0.9475778644684638,0
0.9353398159027622,0
0.9374255075314419,0
0.9480645334238309,0
3.9890720843643552,1
3.997029873084394,0
3.997039987393785,0
3.99747330042522,0
3.9975289234609566,0
0.010974843617144181,0
0.027539785396137884,0
0.018536220015552107,0
0.011439277485937982,0
0.011752982453141492,0
4.0,1
4.0,0
4.0,0
4.0,0
4.0,0
2.116651434764674,1
0.5346726336725962,0
0.5563000851049509,0
0.5312011176706397,0
0.533081762740589,0
4.0,0
4.0,0
4.0,0
4.0,0
4.0,0
3.0062009035412505,1
0.7564142057962657,0
0.7622730640191273,0
0.7589363062795753,0
0.8073263600156144,0
2.0532885199908457,1
0.5615441074869474,0
0.5400177565362432,0
0.5135913539864418,0
0.5065575773622921,0
4.0,0
4.0,0
4.0,0
4.0,0
4.0,0
4.0,0
4.0,0
4.0,0
4.0,0
4.0,0
3.9995958706117447,1
3.99988339413342,0
3.9998984070257286,0
3.999892210065951,0
3.999921859386645,0
3.9997126063672046,1
3.9999431387254787,0
3.999920993584784,0
3.9999260480515204,0
3.9999224260054214,0
4.0,0
4.0,0
4.0,0
4.0,0
4.0,0
3.9860346352150136,1
3.9963779238240913,0
3.9962739374254315,0
3.996442098362181,0
3.9969406756033092,0
0.02696737414067174,0
0.016734376714783394,0
0.019899275649802206,0
0.024463415067932814,0
0.01880128126166447,0
0.04459221582828077,0
0.030086276348537222,0
0.02523248896376007,0
0.023995074681297357,0
0.04003559568477355,0
3.7104526595713745,1
0.9681775616265496,0
0.9439034382112177,0
0.9566355325276912,0
0.9427088759962103,0
3.69004798177483,1
0.9517610313221505,0
0.9635556983994653,0
0.9523777388028298,0
0.9379081336656592,0
0.011932363240747978,0
0.011559962612575081,0
0.012276298129410002,0
0.015760075021553188,0
0.01764880186609652,0
0.032351344864018916,0
0.03125772690540396,0
0.04465349097333027,0
0.049825638276948414,0
0.028418895021254276,0
3.075417921246329,1
0.8835519945657531,0
0.823130199067831,0
0.7931583720963258,0
0.7812664564710441,0
0.10158788383539719,0
0.06904478988009188,0
0.03072101450894582,0
0.05216080335933482,0
0.03411403550487613,0
0.008272418107390767,0
0.009198372493084417,0
0.005433130088767779,0
0.008070636478712423,0
0.006043535633247998,0
0.024507850353431504,0
0.015097059484713071,0
0.02321285345555335,0
0.022215051296837984,0
0.022263953237762202,0
0.021247929276010602,0
0.026108043042655016,0
0.04042416707624508,0
0.019550516624139647,0
0.023939811451966442,0
0.09851741996702179,0
0.06283335302382298,0
0.06370559669048248,0
0.04618697401855254,0
0.042533359508898805,0
2.1411254172209446,1
0.5638072981309419,0
0.5657521783621418,0
0.548535700771513,0
0.5204844825294366,0
3.8812289774378383,1
0.9993868615310562,0
0.9896207679605853,0
0.9821194516956591,0
0.9942909406821778,0
0.01427412682689333,0
0.04421737623879718,0
0.013732225596609915,0
0.013466251069939705,0
0.020098402591153253,0
3.1019968788182233,1
0.8340385128426813,0
0.8101797436484306,0
0.8131227865185857,0
0.8465181111805347,0
4.0,0
4.0,0
4.0,0
4.0,0
4.0,0
3.0184538832838355,1
0.7803144960433848,0
0.7711765241150665,0
0.7750136191601262,0
0.8912329767135914,0
4.0,0
4.0,0
4.0,0
4.0,0
4.0,0
4.0,0
4.0,0
4.0,0
4.0,0
4.0,0
0.02210677554622409,0
0.024350681171662725,0
0.02449121778878416,0
0.026413325494917483,0
0.04887429906466512,0
0.7089557536532607,1
0.16641933735641112,0
0.18261379814573298,0
0.19529108851014865,0
0.2006628379461386,0
0.05227298115786727,0
0.021078262775115153,0
0.024297727480784292,0
0.020600038891650296,0
0.03219098296736256,0
2.029725353903723,1
0.49281797069416244,0
0.5177879571653747,0
0.5500337900893304,0
0.5375592443144783,0
0.07314240469236122,0
0.05257139413963863,0
0.05589268741960751,0
0.10176824009338992,0
0.07430867786809481,0
4.0,1
4.0,0
4.0,0
4.0,0
4.0,0
1.9959021368071794,1
0.49581304964171746,0
0.5100523203946268,0
0.5326555909191661,0
0.5219182441868546,0
4.0,0
4.0,0
4.0,0
4.0,0
4.0,0
3.7240551372736306,1
0.9409488800434165,0
0.9437821276526153,0
0.9410181754915055,0
0.9392046332000739,0
3.7073126696035654,1
0.9306222791780518,0
0.9404349529984972,0
0.943122043448811,0
0.9398019367862291,0
3.999684170441487,1
3.9999190320830884,0
3.999903894174373,0
3.9999209362192993,0
3.999940307964726,0
3.988829344658566,1
3.99696605159836,0
3.9974403569878008,0
3.997514017663963,0
3.996908918408442,0
3.202883283679232,1
0.8041243337649813,0
0.8087670128991844,0
0.8087114755285789,0
0.8070413606336886,0
4.0,0
4.0,0
4.0,0
4.0,0
4.0,0
3.0631816627881254,1
0.8191601659480865,0
0.7999227548606629,0
0.8465132803872253,0
0.8638496624134726,0
4.0,1
4.0,0
4.0,0
4.0,0
4.0,0
0.006117871439039746,0
0.009805355322034526,0
0.008007380706938516,0
0.007487120699850358,0
0.015726510049408837,0
3.1700251808675417,1
0.809094064348463,0
0.822666553864674,0
0.817551774564107,0
0.8162431483848636,0
3.7012156667150844,1
0.931574011164964,0
0.9448829655766273,0
0.9390048184886437,0
0.9436170226383416,0
3.9864007823691847,1
3.99631742394428,0
3.9968749943513258,0
3.9969064569698003,0
3.996301907103778,0
3.1407533265605774,1
0.8255093335705519,0
0.8278743473976378,0
0.8307703733763949,0
0.8329801173426343,0
0.7617384958779847,1
0.22678190742850113,0
0.21027004806460736,0
0.22107018058418415,0
0.21786130348729982,0
3.988934717620847,1
3.997946000505189,0
3.9968921832002775,0
3.996991468756173,0
3.9971050651592077,0
0.022623599685664963,0
0.01093317148825701,0
0.009713722252094215,0
0.009073843364001632,0
0.00974761600223939,0
0.026653292906667847,0
0.01941114824944501,0
0.016405635998490542,0
0.015016342292343055,0
0.04299210897143446,0
0.0791413672293495,0
0.07983347027626575,0
0.08555177216137677,0
0.07640351209449259,0
0.14459002745434457,0
3.8415292466835895,1
0.9720230300937387,0
0.972029304170412,0
0.9908378060006209,0
0.9700482091664657,0
2.0501083870741352,1
0.49863403761079317,0
0.5642326589899538,0
0.528485007382868,0
0.5093969385747057,0
