0.10313130812589977,0
0.11367104415274554,0
0.18186350530863216,0
0.1215618330503987,0
0.08395696393247176,0
0.15122069976846886,0
0.07494137287126046,0
0.0798845739038887,0
0.1151351355617356,0
0.10887712595257693,0
0.16279257898825517,0
0.11972015227792898,0
0.12568574088872886,0
0.11607347127571854,0
0.18078161224717837,0
0.05831368551736604,0
0.04835576153510779,0
0.03458278413164484,0
0.043953640484260426,0
0.040838012102810684,0
0.12850019458268758,0
0.09478968205951421,0
0.07048954549237685,0
0.061939441314219135,0
0.10780599514188038,0
0.11377062150911144,0
0.1499952557387636,0
0.10496872000324098,0
0.10864804297430686,0
0.09652210609487843,0
0.03870441657558388,0
0.0379667281398226,0
0.047994837371379884,0
0.06316233387064685,0
0.036321750385717166,0
1.821713729071809,1
0.5362483592963914,0
0.5661797129792747,0
0.5901691834059362,0
0.5616079143271335,0
1.8097910227428708,1
0.5062494289432458,0
0.5895639953820306,0
0.6167097827145893,0
0.5539945142893576,0
0.11261540165861295,0
0.12036332851351261,0
0.27832712287613504,0
0.161317461483248,0
0.20185963399575835,0
0.1752507142411952,0
0.3299497775086344,0
0.14596146393380138,0
0.1742845211550299,0
0.15811194831734587,0
1.9425407226798308,1
0.5141426884756624,0
0.5784350234855151,0
0.4915557402529367,0
0.5781686277814138,0
0.04963471706975087,0
0.06489345905173716,0
0.0959088651613551,0
0.05302619362612582,0
0.07379201571235816,0
0.040211776649252684,0
0.06629975376401198,0
0.09222777026362383,0
0.07283647456746989,0
0.06358949333536223,0
0.1638379297642758,0
0.052169073177294134,0
0.0840321122203096,0
0.04822886145695282,0
0.060932853946745524,0
0.12125686816014758,0
0.11562320439947005,0
0.17929678502033397,0
0.093732958163252,0
0.08785463254148596,0
0.621638337274681,1
0.251732039858072,0
0.16455546330663617,0
0.1950680904919606,0
0.27539135877529874,0
0.16221164993114812,0
0.11025521591926513,0
0.11458112755260119,0
0.1498736106564973,0
0.08817645795741935,0
0.05292561189348399,0
0.038701612819863396,0
0.07000003275000388,0
0.06132846343756704,0
0.09645131470367119,0
0.2259387719903061,0
0.1427610834089359,0
0.12399362473787878,0
0.12557717570604288,0
0.130403398268224,0
0.04206787694218184,0
0.03795932149869152,0
0.060441593509339864,0
0.07088276133117066,0
0.05327127108738461,0
0.1162905904349616,0
0.08049932800933846,0
0.2629111951165206,0
0.11979601703572484,0
0.08772361248078919,0
1.8465542657944716,1
0.5211339964072677,0
0.5560404889935908,0
0.5712720754545786,0
0.497536003817622,0
1.8770096972310943,1
0.5722330062445096,0
0.5986693376636856,0
0.6968480507876418,0
0.540834606082802,0
0.03365728226932507,0
0.038287671607889706,0
0.03790427616222036,0
0.09317304666382764,0
0.05843566325369309,0
0.26542379589213283,0
0.11000344086773772,0
0.1505951097018361,0
0.23578702694356712,0
0.1423846299940248,0
0.0625333433406352,0
0.06674680633904773,0
0.08421018438258399,0
0.06046337738491259,0
0.058193138464634586,0
0.19290507621423458,0
0.10673401516897751,0
0.11636534369984775,0
0.1474366477894158,0
0.12226884271265792,0
1.5733986658415287,1
0.4499356158092338,0
0.42368439456082685,0
0.6020936462181181,0
0.42639432003682964,0
0.04693691141833334,0
0.06619155088952544,0
0.11757010676878688,0
0.0499924553827249,0
0.077991836672207,0
0.04493605399175671,0
0.04855827026688564,0
0.04143013059145417,0
0.09828879975224591,0
0.05027617607085766,0
0.17044302525902477,0
0.15246704886813145,0
0.09091990274669914,0
0.10564806057247322,0
0.19966337665634937,0
0.11357537158415809,0
0.08884761838345456,0
0.0968019368101336,0
0.10358777108151696,0
0.11294080269958862,0
0.09909222699352815,0
0.2766031937189304,0
0.1217438132800206,0
0.11406491379002848,0
0.23590938804525852,0
2.592059238006076,1
0.7029283028767708,0
0.6893136243868443,0
0.9543744852133154,0
0.7741418413009136,0
1.7095879686353728,1
0.5333558543030064,0
0.6387360321116544,0
0.5706753245263059,0
0.5214239909922478,0
2.5383339294583127,1
0.6377762146741599,0
0.6553907104170333,0
0.7783176830575158,0
0.7475815355934889,0
1.7899906541836703,1
0.7271884926990655,0
0.5541282377105534,0
0.5774231273979868,0
0.5359189598610881,0
0.044192877570853994,0
0.049546813303422255,0
0.07700590147951214,0
0.062001623270925954,0
0.08813799393804178,0
0.09462880249493111,0
0.08503218062237305,0
0.04218776723291073,0
0.05841795392573346,0
0.0869580012234179,0
0.09404351666566146,0
0.0614105230208688,0
0.05779002883430895,0
0.05588230224492108,0
0.17281930678288804,0
0.11097737978952527,0
0.11667665056944676,0
0.10449778819374522,0
0.10406813457853259,0
0.23643107834228916,0
1.8873569502259904,1
0.5049424259781339,0
0.5190473629761225,0
0.5356617621869164,0
0.537173487921363,0
2.786172346691761,1
0.7579189521709546,0
0.8306757013900814,0
0.7330578554417508,0
0.7379803983410964,0
0.04084390826705686,0
0.10193040897845096,0
0.045410671422843496,0
0.0446763360563156,0
0.07858482547198431,0
0.07540214141980428,0
0.0739029144409642,0
0.06313850449784919,0
0.06209665863503888,0
0.06871988953460484,0
0.058158084930331366,0
0.06149201524136849,0
0.08327744322124886,0
0.11105491968945369,0
0.04594844018231825,0
2.752280971701511,1
0.738681530325171,0
0.7033133510192293,0
0.7248060681680899,0
0.7248572159736995,0
0.03647187897409321,0
0.03389942489381781,0
0.05072250767416131,0
0.06770987202698997,0
0.042985068914415336,0
0.20309115285917878,0
0.0693506471281573,0
0.08528421149487464,0
0.0762755780403066,0
0.08039437352110834,0
0.08068497323267332,0
0.05076203188921058,0
0.06680781012097903,0
0.0569869459856327,0
0.11105017946535112,0
0.26814383899133487,0
0.1554866761316296,0
0.20899222856941657,0
0.19475157765868545,0
0.35845048217400066,0
1.685989049836199,1
0.4402631879752734,0
0.598839098957789,0
0.5133029492860839,0
0.549732372423299,0
0.08695670162680669,0
0.0512512158575027,0
0.07459252739554056,0
0.04694732877649255,0
0.07026821932128158,0
0.05653000166730626,0
0.09043766596255232,0
0.045202966348360185,0
0.039029510610338214,0
0.062153714373634816,0
0.5309789862546928,1
0.1733633340346441,0
0.2620800265904326,0
0.1596209323457649,0
0.16798134373713447,0
0.10114384953409283,0
0.05423943569539169,0
0.04078663803977589,0
0.06116504260525257,0
0.04447003961945306,0
0.09142161872298793,0
0.14808869400831215,0
0.1726434872621576,0
0.1858056816297049,0
0.08722243020522935,0
0.22457897809023297,0
0.221428396209026,0
0.21036834970178298,0
0.14958237847450961,0
0.18670907123278724,0
1.7282613647136298,1
0.48544870831848286,0
0.48595820035858317,0
0.4850507447396257,0
0.44038473684870194,0
0.10042270836679634,0
0.09894311012730661,0
0.1256935203460361,0
0.19849159412217876,0
0.10170667309592396,0
0.051365202809344535,0
0.07175204701330395,0
0.044984303011351034,0
0.05274572482579565,0
0.04776118950121644,0
0.09012536957068784,0
0.17238681011414636,0
0.1662851972836541,0
0.08616457686283274,0
0.10364917664561446,0
1.9479297365204826,1
0.5316126391767857,0
0.5343771379471645,0
0.5407490816989178,0
0.5281032267900625,0
0.20167984093087377,0
0.12572258387939916,0
0.10810336984578006,0
0.11503570310495093,0
0.09160971338082469,0
1.6907368333650048,1
0.521575170022408,0
0.552057304526913,0
0.4691096656712044,0
0.5068728634437951,0
0.06113523206627747,0
0.07326887693818396,0
0.12025668026987679,0
0.06705774605727255,0
0.06732017594445372,0
0.07685821612304222,0
0.031042516515003005,0
0.03883100374907045,0
0.033094760156089365,0
0.05415668785988759,0
0.09532005355226403,0
0.11824804181746185,0
0.09120787671831554,0
0.1467601770898952,0
0.0819425789278041,0
0.39813710798355384,0
0.3896330794456624,0
0.46149271385242896,0
0.692645370214044,0
1.4029347762541864,1
0.11933813732050158,0
0.06693553234761307,0
0.08522739990541339,0
0.04930099615893235,0
0.04583015710247906,0
0.17945098948499716,0
0.19194547620254232,0
0.17744323806280216,0
0.19285066233755632,0
0.2849243511274926,0
0.03570935242665918,0
0.05247346670574693,0
0.03833494625940448,0
0.043894713968119614,0
0.03714677116544385,0
0.8634626896423772,0
0.8690007027360962,0
0.9857363207213377,0
0.8695213946737357,0
3.2483623139070614,1
0.1042386671586808,0
0.08715273225551323,0
0.08825248354016901,0
0.07971155221085757,0
0.08713781194292913,0
0.22691852075236296,0
0.10947035859419163,0
0.14629673812689692,0
0.11085136564185039,0
0.11391257033199498,0
0.061587011416905035,0
0.05777630915349308,0
0.07060525903579018,0
0.04505780921843261,0
0.03759753670801791,0
0.09733485988629997,0
0.17164833052107298,0
0.24821865019064937,0
0.14392766585056638,0
0.15661077353773578,0
0.090627515054579,0
0.1117491795401202,0
0.24667814806232258,0
0.08827123024412398,0
0.1317093101721909,0
0.0536778030468521,0
0.0568262195761271,0
0.06541848482839985,0
0.05228018628433562,0
0.05225624946715435,0
0.0944770394332819,0
0.07871354748207304,0
0.0514682913104334,0
0.1624598730551039,0
0.07758372986057793,0
0.08692282384301642,0
0.046213678979645234,0
0.07250766660736785,0
0.06452143072379979,0
0.07977772618654111,0
0.054682983971872545,0
0.08843417179323465,0
0.04678138390563724,0
0.0600555473446347,0
0.04618116815381157,0
1.04199140567356,0
1.0511775014370865,0
1.0375019727498813,0
1.0436813142495103,0
3.9904415869434073,1
0.08007431100125117,0
0.04413023501572155,0
0.08534936660612447,0
0.05041804063171407,0
0.044141471406959454,0
0.9456539506110975,0
0.8295738469693501,0
0.7857304725893353,0
0.8581415547581157,0
2.9257021895797335,1
1.026026368742969,0
0.9765079252430002,0
0.944550578161027,0
1.0402877474201562,0
3.1900546616101844,1
0.9738303622850943,0
0.8706999055773572,0
0.9259009043605935,0
0.9264694643440312,0
3.20842775249966,1
0.22501634933219172,0
0.14537289219505878,0
0.24237925709948005,0
0.26542020934493893,0
0.28642272274476044,0
0.3968450742870133,0
0.49173298325148096,0
0.42895604196792236,0
0.5182822311791213,0
1.377750594044,1
0.11213507171736392,0
0.11339530993600899,0
0.17394641258803434,0
0.13919318376638756,0
0.18756809799193386,0
0.0350264113141443,0
0.021245128524763235,0
0.08271835158102459,0
0.03448692883799209,0
0.021551277785214484,0
0.07247164586271548,0
0.11968806713074986,0
0.0627963495633086,0
0.05614086378335692,0
0.08794731868831862,0
0.8184925141445802,0
0.8310257658240148,0
0.7593418888129451,0
0.7947124561627104,0
2.893540298070133,1
0.05835548271459379,0
0.06985503943030924,0
0.07514805181838069,0
0.08258850639682969,0
0.08490372302604632,0
0.06525114773216556,0
0.09360142216584189,0
0.1400985975729565,0
0.057178751513634385,0
0.062158868630475705,0
0.06129289479354405,0
0.06579416493468049,0
0.09840918812998156,0
0.041310605808584366,0
0.04240020029863345,0
0.9989128681619532,0
1.0115169310451564,0
0.9418993331748693,0
0.9852729012932966,0
3.233499724789807,1
0.16343352022078905,0
0.21292448187021185,0
0.09931430585759404,0
0.12317825273073657,0
0.1320307931625253,0
0.5473118090249072,0
0.4688713423374371,0
0.43960473803184286,0
0.46965768758646353,0
1.566912201054877,1
0.7187889291958403,0
0.5462111340130127,0
0.546645282852062,0
0.49335722493685763,0
1.7635987766106638,1
1.031028663064673,0
1.0750544411515222,0
1.0566505121529643,0
1.038472012835149,0
3.992829420668867,1
0.303274293099868,0
0.32040848881872863,0
0.301196044734918,0
0.4527401900450343,0
1.1834611664840775,1
0.06798771372616486,0
0.05754893931407423,0
0.13370605347226938,0
0.07581253103092322,0
0.08729100535015899,0
1.0164126137353993,0
1.0185050442356522,0
1.0177186563320384,0
1.046344453363739,0
3.9929337114251773,1
0.7989406563429085,0
0.7891556142294207,0
0.8731200408929669,0
0.9989602916398694,0
2.927902695061646,1
0.049568989779777084,0
0.06044733290146187,0
0.09676877342784662,0
0.05947734037780128,0
0.10412496099418833,0
0.14827252984922357,0
0.0960494580146225,0
0.16733060748091333,0
0.08669016044202982,0
0.2526136754469035,0
0.38618308146909097,0
0.13356595629952617,0
0.13572983577326792,0
0.1442822352163291,0
0.1407071432276319,0
0.14663072882913797,0
0.08978507635570132,0
0.1043246158796336,0
0.07287418835466797,0
0.14374980266670123,0
1.023570917485896,0
1.0223132633921237,0
1.0165810318734816,0
1.0475383331577923,0
3.993088936595106,1
0.058903803330306204,0
0.09500109753110086,0
0.12984525316091045,0
0.05092659119780407,0
0.04710273591506109,0
1.0879824078769467,0
1.053360867852743,0
1.1011734222182104,0
1.0497696679526864,0
3.9890020241326964,1
0.08399812383970984,0
0.07134589003355885,0
0.07408202571391032,0
0.16084862967966984,0
0.057021653112240944,0
0.08241085320030717,0
0.12765020184802633,0
0.05956467375587948,0
0.12159941509361438,0
0.057065292184383054,0
0.062088713459603984,0
0.0726166610341199,0
0.06346785194690296,0
0.048934839540391906,0
0.04504261689539746,0
0.03584363307659455,0
0.08534653979478835,0
0.061915116409772875,0
0.03386429730392404,0
0.03472679018094116,0
0.434588552294767,0
0.4145468612178598,0
0.4398162643411503,0
0.4384771032133341,0
1.602798855987463,1
1.1014519768831752,0
1.0817723871085785,0
1.0591225361237981,0
1.052559402826288,0
3.9916978705583297,1
0.06958192576020039,0
0.09936696697863034,0
0.051976922910402124,0
0.12033911123128771,0
0.10002494597725597,0
0.05804255851639084,0
0.04041064887734258,0
0.04399779549740268,0
0.0538213291684535,0
0.04669730055550403,0
0.08396789993954723,0
0.0798585252785049,0
0.17933978122234429,0
0.07935050254875575,0
0.09695676983211543,0
0.07314287594140634,0
0.07334597416718891,0
0.11744251250598836,0
0.08093316098005054,0
0.042045591661630244,0
0.14929057742393148,0
0.1527153477214691,0
0.1366608479766711,0
0.17426374962111257,0
0.12891978585788966,0
0.05383235509344697,0
0.052195491387194703,0
0.05910100045605393,0
0.08340202583626422,0
0.07874923415699975,0
0.12125308526699108,0
0.08504169034739029,0
0.061159462273630005,0
0.11951178183574696,0
0.13875927552250422,0
0.08064126956795548,0
0.060614529129626504,0
0.08067377615810534,0
0.17310987884463813,0
0.14125998500989922,0
1.0452372776489716,0
1.0532846046466675,0
1.0284923141402693,0
1.0327965805507442,0
3.990617786372753,1
0.1942568165273757,0
0.08789405743660916,0
0.13253879450465966,0
0.12222779762859304,0
0.13314716921572334,0
0.8592097691261804,0
0.9652127184695476,0
0.8683638948460972,0
0.8294279417266175,0
3.036258317067885,1
0.14065498472333982,0
0.17134949305706293,0
0.13918680167958364,0
0.10698457833601083,0
0.11966591554694439,0
0.07130616961440728,0
0.11209895650323842,0
0.08831987367961913,0
0.20223973557792574,0
0.10026586174762242,0
0.2089000999056969,0
0.1524466633510979,0
0.16598983557615155,0
0.15129942751937575,0
0.14301129814884783,0
0.0019565675429662477,0
0.0013699264836839475,0
0.0016621231198712394,0
0.0023113278254163205,0
0.0013302167805453458,0
2.2029794744190614,1
0.5505428363254126,0
0.5516534018941224,0
0.5530881043204272,0
0.5509057699221582,0
0.0006507649778590974,0
0.0007954083546191093,0
0.001437124652647448,0
0.0006675481510862724,0
0.0026243218264303536,0
0.9434902263042457,1
0.23786774779569297,0
0.2358835914770392,0
0.23611657822522325,0
0.23554194815613538,0
0.0011068930047519743,0
0.002788233559100739,0
0.001163551319450118,0
0.0007272205281183552,0
0.0007017986196977688,0
0.013295567233567063,0
0.004106638841367083,0
0.005144557395362348,0
0.003788051630600364,0
0.004980029827982513,0
0.003314381622224971,0
0.0012581311998141054,0
0.0023965279353923563,0
0.00121856136075138,0
0.0014243190601299638,0
0.0002447800086189389,0
0.0005780005357709506,0
0.00021545494871677562,0
0.00038694959539453677,0
0.00016939945718519311,0
0.0013416628035818334,0
0.0014868005891655045,0
0.003411328288236426,0
0.0014699522684837873,0
0.001885423991595303,0
0.0008637349798954475,0
0.0009192265218112006,0
0.0013262414292727343,0
0.0009106193860386469,0
0.0007318699720162414,0
0.002095264819780951,0
0.002133133265608933,0
0.0018372346486597024,0
0.002914386891755605,0
0.0017698141091262443,0
0.000364578917613656,0
0.00011480191060719847,0
0.00012723032704631265,0
0.0002671595498671131,0
0.00018436499032725706,0
0.930571636646313,1
0.23387154859646664,0
0.2334593124689901,0
0.2335768857233811,0
0.2340120420424343,0
0.0007169858083178049,0
0.0010330480685318832,0
0.0004342268404782246,0
0.0006705219053779743,0
0.00034259806382319624,0
0.003080276815189187,0
0.001879533049029547,0
0.0016537653441233147,0
0.0021781076113853715,0
0.0010920296121477158,0
0.001348976227380394,0
0.0008179716600138498,0
0.0013166122741581354,0
0.001301081852804753,0
0.0019658376967299773,0
0.002447576763417114,0
0.002899010301990579,0
0.00757010071582398,0
0.0019109200838522966,0
0.0030447321049229537,0
0.012276574532882556,0
0.01114502076298951,0
0.012336634223014897,0
0.011509457572747017,0
0.04199910227974879,0
0.012590671416055077,0
0.04176558180099654,0
0.016889560917684676,0
0.012177354654791639,0
0.01716911401531318,0
0.003706344910027415,0
0.0020307848473577472,0
0.0032014290998381156,0
0.002028897415063291,0
0.0032930908392314606,0
0.0008147925615866747,0
0.0030991473719104157,0
0.0008994272605820086,0
0.0015977874758164035,0
0.0007373511184969317,0
0.004853982544487767,0
0.0050971338911671715,0
0.003467105676818072,0
0.010047822051685973,0
0.009484301950914542,0
0.9369674179132859,1
0.2343471803697854,0
0.23481273862223873,0
0.23730421129232138,0
0.2352054836846742,0
0.006028587227151494,0
0.0020199664756810343,0
0.0016568057146111315,0
0.001414357499128105,0
0.0023681112668696436,0
0.00011872318299843698,0
0.00011473476474055389,0
0.00021303898512581299,0
0.0001335248295721847,0
0.0003286653020153629,0
0.0002450271845457763,0
0.00014337994671009824,0
0.00016194929234591982,0
0.0002485948152184392,0
0.0004637478587392607,0
0.001923302823219064,0
0.0006210608647752025,0
0.0004475445147624768,0
0.0006198698027057858,0
0.0007376610877107836,0
0.013787771127812931,0
0.01658792015674848,0
0.04335386435867017,0
0.0218482413003942,0
0.014299846882781075,0
0.0014361450255915287,0
0.000835567189854558,0
0.0014278036397992189,0
0.0020679703928077053,0
0.001305693501027605,0
0.0027470599188288425,0
0.0025614907943714016,0
0.0014079719307762417,0
0.001204945649055933,0
0.0011890760946200452,0
0.000617513394389313,0
0.0005546852169824312,0
0.0011470235781239069,0
0.0005574997378321456,0
0.001741437277953839,0
0.0005460342076823999,0
0.0008089260533106213,0
0.00040464283162577885,0
0.0005290290907593587,0
0.0004267610826187429,0
0.010556641562074809,0
0.03808341559312245,0
0.013535614027462284,0
0.010736448808491339,0
0.012658369964432925,0
0.003148243955156005,0
0.0023910453591735603,0
0.0021738725316473584,0
0.0017310257017761899,0
0.0015719775055957896,0
0.0015524823621078099,0
0.0013894649275112414,0
0.002719254514361502,0
0.004057268427948735,0
0.0022737083273676184,0
0.9327745807654386,1
0.23358124040400785,0
0.23383636614382963,0
0.23452539296517472,0
0.23342469209570016,0
0.00010338175828117357,0
0.00011736800325934382,0
0.00021543602059992395,0
0.00029716064510987295,0
0.00012760762621866206,0
0.0042717650939256835,0
0.003012011866085018,0
0.003571882736901344,0
0.0064763184684379915,0
0.003409926005877306,0
0.0013220503145112694,0
0.0010775688048947352,0
0.0021284054229027127,0
0.0011136866315144545,0
0.0029165059099716117,0
0.0008421219309546757,0
0.0016593451737967335,0
0.0031418051002445324,0
0.0007562326117280804,0
0.0008537831460246892,0
0.0007234848608277389,0
0.0005992636774561078,0
0.0022798152847318676,0
0.0006657568329675456,0
0.0009663810438462761,0
0.4656662654951149,1
0.11798875599527925,0
0.11625192650430272,0
0.11617319003546145,0
0.11619435718933424,0
0.0012714089858576472,0
0.0018301752480462952,0
0.0009619315739621825,0
0.0009741219931083123,0
0.004145529728472486,0
0.0007099096965292873,0
0.0007602259263403965,0
0.001157074061850949,0
0.0015359171929678617,0
0.0014114108933562797,0
0.013160914830881776,0
0.016888423491199234,0
0.05328519194234893,0
0.014754100357719846,0
0.015844136290627198,0
2.2019960344871787,1
0.5511879492434835,0
0.5539166285527464,0
0.5532239371905652,0
0.55165447852962,0
0.0009448468961266165,0
0.0009452412201507165,0
0.0005388419280549783,0
0.0007940291302723779,0
0.0005020212461035456,0
2.2125589920660786,1
0.5532792740000527,0
0.557463136822371,0
0.5544280827991681,0
0.5566588233575533,0
2.2201831062690225,1
0.5597076086780266,0
0.557936782060477,0
0.5620462773769246,0
0.5560195936164569,0
0.001203910586432766,0
0.0015452852687718455,0
0.004627958343422112,0
0.0014804476388210475,0
0.0023872617135700658,0
0.0010599832470545856,0
0.0002608913814015068,0
0.0004346163543536008,0
0.00041065077837387776,0
0.0003514956588333007,0
0.9362327929392511,1
0.2349906994319606,0
0.24192107879246993,0
0.2358288219351543,0
0.23572813695401074,0
0.0067504310272039625,0
0.005295591988187631,0
0.0027981003817787453,0
0.0029473447601580105,0
0.00217078570581819,0
0.00040830988326590045,0
0.0008435530818147186,0
0.0008458926111192255,0
0.0009473530158254917,0
0.0007716512200737213,0
0.0009112374511559551,0
0.0016101241565795732,0
0.0019602096585411566,0
0.0006630622111813977,0
0.0008708994752559818,0
0.012623011973327714,0
0.01309039908333176,0
0.03736212666445704,0
0.012294240525750677,0
0.01153931729706592,0
0.0014503416489635157,0
0.001017032225272274,0
0.0007992141351742532,0
0.0009570110253784847,0
0.0004975556315245377,0
2.188603339412297,1
0.5475268137288314,0
0.54818568828279,0
0.5472875219514304,0
0.54749329104704,0
2.115473774062756,1
0.5635338325720856,0
0.5560519272349858,0
0.5565791969400378,0
0.5045439549821102,0
0.04651766801500434,0
0.015198427008355164,0
0.012369852908553192,0
0.011707555613869047,0
0.013776111478663644,0
0.0022630369163740838,0
0.0015097880444425726,0
0.00225865801341385,0
0.003490443025050638,0
0.0011334239757414544,0
0.48541940045169074,1
0.12033233921115327,0
0.1203621941578441,0
0.12540052945677527,0
0.124535433417158,0
0.0011035365556688603,0
0.0019841229696426765,0
0.0015403333751367043,0
0.0016806735858221344,0
0.0028989501568226217,0
0.0014176694596139683,0
0.0020789425657801175,0
0.0022533365087147317,0
0.002389395731280608,0
0.0012900706428844444,0
0.0024288200060818,0
0.0028695670008453966,0
0.005364237361423996,0
0.0021737986662313524,0
0.002029154933515187,0
0.0002430608480463725,0
0.00046565659291797346,0
0.0007256267055848475,0
0.00032548417562550114,0
0.00046796215540867436,0
0.003738987043645725,0
0.001550260501454126,0
0.0008550715478876647,0
0.0008878671523264714,0
0.0013343673838184245,0
0.3582235975784016,0
0.3620263395606256,0
0.3583157407266606,0
0.3581322986057178,0
1.431410097864978,1
0.00205949168537245,0
0.001514195284382236,0
0.001570876076221417,0
0.004630435487281037,0
0.002009179662326943,0
0.002957317694017192,0
0.010792616781263753,0
0.0028394773671207574,0
0.0029908611620048653,0
0.0035592068335685845,0
0.0005044035095638222,0
0.0020389689780806464,0
0.0011003132898710355,0
0.0007016945881082037,0
0.0005311284426983143,0
0.0010355304413058875,0
0.004500307725787245,0
0.0010244533083239027,0
0.0012672854079780471,0
0.0015290455045318119,0
0.0003009780785099281,0
0.00045081582541861565,0
0.0004390676154626405,0
0.0012659752443098249,0
0.00032673345808609255,0
0.0006534771732864542,0
0.0005470619888776618,0
0.0005520169261163943,0
0.0021021982467495093,0
0.00048015936379597335,0
0.004747441644223915,0
0.005642973536652107,0
0.0038304360223309075,0
0.003969082107527999,0
0.009437617401299558,0
0.0018237160269536368,0
0.0011123807858388624,0
0.0017519816492810314,0
0.0017464532386184395,0
0.0020841946436620518,0
0.0037532462822595924,0
0.006221967943993434,0
0.005117137993084331,0
0.004672246307606542,0
0.009804151429287256,0
0.0022561009564316947,0
0.0048562132167377925,0
0.0016982081243628322,0
0.0024726632664782144,0
0.0016135788965443432,0
0.8632270628013599,0
0.8628073960560241,0
0.8680469787739438,0
0.8614058983016446,0
3.4368084510586154,1
0.18222799746845864,0
0.1799718633957017,0
0.1828554040633552,0
0.18174073356288956,0
0.7250930791492505,1
0.0007752939525014213,0
0.001067990137290309,0
0.00047562169425541256,0
0.0004361637016083719,0
0.0004436963108598313,0
0.0020765473777322185,0
0.0020760877496006636,0
0.001813248904771747,0
0.0014716430213526088,0
0.0018923964656241132,0
0.0019882305216034624,0
0.0031332745976153653,0
0.0020661201670395535,0
0.002528988777386054,0
0.0020323254456764417,0
0.0032935344995230764,0
0.002438762975187636,0
0.002710879690007495,0
0.004178395340985297,0
0.0047876358027227894,0
0.00046464310587079893,0
0.00021720453414397767,0
0.0006522095879768486,0
0.00032020546246647186,0
0.00027554973162047247,0
0.0007749357513917587,0
0.001347996539553531,0
0.0014053192162899464,0
0.0015955635673963187,0
0.0010709132618407224,0
0.0007564179515671121,0
0.0004702515578398625,0
0.0006562643337599816,0
0.00044868624115368405,0
0.0014343520393071962,0
0.10445739444307778,0
0.10439922663388579,0
0.10409554355071382,0
0.10436651064740099,0
0.4125408300065123,1
0.8616504522792816,0
0.8616871643369897,0
0.8664795350433669,0
0.8629545029490422,0
3.439687887117564,1
0.0006659845453844682,0
0.0007469600662921572,0
0.0022213193221700678,0
0.0008723153554903718,0
0.0017281090095799811,0
0.0029722293054268434,0
0.0016467122915333476,0
0.0009890428620096259,0
0.0011431755337465432,0
0.0013667141783155756,0
0.1042076781054897,0
0.10403267907322666,0
0.10400844530251652,0
0.1044250136704421,0
0.4143245522876362,1
0.003255716807998965,0
0.0027850036835186387,0
0.005969935709683405,0
0.0038623350140278845,0
0.0032272082857498496,0
0.004993456039598332,0
0.0036349865593443553,0
0.0034670348463787803,0
0.001968400239193535,0
0.0037993654099470753,0
0.001658082936867089,0
0.0012571049199423534,0
0.0015695635044918888,0
0.0015480687120055237,0
0.0019473599237267436,0
0.0008644854335182472,0
0.0006804997465739149,0
0.0005649079341680796,0
0.0005386983833415293,0
0.0017282973990613293,0
0.0009032176399932368,0
0.0010512754249742962,0
0.0028514044070035993,0
0.0019016639926849876,0
0.0010074562193169712,0
0.0004975358241305905,0
0.0015727951782267269,0
0.0008893446609326006,0
0.0004511122837467241,0
0.0004602176407555447,0
0.104861794234691,0
0.10424488630742879,0
0.10618933128704766,0
0.1041181207937587,0
0.4156789472335496,1
0.8617503796984094,0
0.8608135793957525,0
0.8608986591749597,0
0.8607499738160285,0
3.4352053302595946,1
0.18664808953630319,0
0.18122483618537455,0
0.1843101905986404,0
0.18436719011234404,0
0.7324183320881663,1
0.10506332329395462,0
0.10442432148860625,0
0.10461594833599674,0
0.10444842106257335,0
0.41801949443181297,1
0.0023761917028153334,0
0.0025172411127396543,0
0.0027911891004741562,0
0.002249555649547652,0
0.001690958572673651,0
0.00018215601059168307,0
0.00022680072585234967,0
0.00017389734244366295,0
0.00044356562717862147,0
0.00022961032783985758,0
0.013292969458270854,0
0.015573698950835713,0
0.051460342489686894,0
0.013832363365254174,0
0.014825846132201725,0
0.10390733696772525,0
0.10432028551746386,0
0.10574716643021187,0
0.10428742802635682,0
0.41712451201601297,1
0.452302484740716,0
0.3879842675872238,0
0.4491477187172066,0
0.4522212294763195,0
1.6677936213054645,1
0.8605423154972685,0
0.8606225885727525,0
0.8597871299815121,0
0.8597343045665222,0
3.434463884945771,1
0.005059513326001408,0
0.002642519879274108,0
0.0018737725879862666,0
0.0017104156558453987,0
0.0023280470516664487,0
0.0042380565674347,0
0.0013830290771270626,0
0.0014649675539755158,0
0.002204120139237542,0
0.002054916894441483,0
0.003083760052404738,0
0.002262529510870248,0
0.0017559390891426219,0
0.002767275683404513,0
0.003182997383106567,0
0.004259429782630164,0
0.006150803870643262,0
0.005284397485475711,0
0.005640431386222389,0
0.007817174600456944,0
0.0003004171887002194,0
0.0002680234203884524,0
0.0005281108157562109,0
0.0007947080082253422,0
0.0002909330919660391,0
0.10769366579795303,0
0.10909729305093485,0
0.10775281008096549,0
0.10759693638546564,0
0.42344425153074816,1
0.00015482830207824705,0
0.00015215990837091908,0
9.963125789846927e-05,0
0.000334556416542231,0
0.00012233979502651593,0
0.0060484684917665454,0
0.012343065212820914,0
0.005591230529073954,0
0.006293419184802307,0
0.004318799506444204,0
0.0013562332152456946,0
0.003404842152217924,0
0.001086539040872747,0
0.002114650689155617,0
0.0013347293686925,0
0.18514725420137124,0
0.18200524407231589,0
0.1818518780291063,0
0.18324812909301436,0
0.7308183155731669,1
0.0003920895091837906,0
0.0008908205457212048,0
0.00037159393735120005,0
0.000830417709522635,0
0.00042722099695602367,0
0.0021565643599537054,0
0.0014634574012815094,0
0.0014625076546153082,0
0.004016849367602049,0
0.001308037962189701,0
0.0036818990479114966,0
0.006930788436142699,0
0.004331120198162619,0
0.0034498664663042966,0
0.0035315486494500448,0
0.0010817565044334287,0
0.0018772213863811338,0
0.0017560681646271448,0
0.0010623383549202003,0
0.0017491327404033363,0
0.10411405176138011,0
0.10535092562949666,0
0.10492245282446966,0
0.10511811348553213,0
0.41677542538847945,1
0.0028177027256708342,0
0.00504129475608428,0
0.006088389976039554,0
0.002248180040500536,0
0.0025475329289710302,0
0.001488578256601869,0
0.0011749421125468729,0
0.0006745083656132245,0
0.0006236041946960924,0
0.0008953686106201175,0
0.18592538819740323,0
0.18165573230089915,0
0.18408278038180548,0
0.18640202485829738,0
0.7329788840226956,1
0.0011927533573015126,0
0.001873757578833235,0
0.0032449855923744053,0
0.001737737939856654,0
0.002439000434347971,0
0.005834425167382751,0
0.0016214128585358978,0
0.002884752876765706,0
0.0015960206006591093,0
0.002422887012150987,0
0.0010473618247592853,0
0.0008966116669242297,0
0.000813157891021099,0
0.001959705920929089,0
0.0009454998952369564,0
0.005009154787903647,0
0.002619541560244798,0
0.002800540969787768,0
0.003588851595742071,0
0.0058027978762416055,0
0.0014430588201106431,0
0.001119583585426298,0
0.0015631512212936904,0
0.0011937916668918191,0
0.004815201603682873,0
0.0075864208000431255,0
0.006885615059635697,0
0.006404829807560297,0
0.008529417883915258,0
0.003578501166416892,0
0.10355734357491331,0
0.10470224885016854,0
0.10450214231055677,0
0.10329010681124728,0
0.41064733760131134,1
0.7635894032899602,1
0.18787372996492024,0
0.22856200906905588,0
0.17889796966415528,0
0.20585430636757884,0
3.1325359785337,1
0.8223412836381612,0
0.7957678552957939,0
0.8200042690011573,0
0.7956523809638538,0
2.997645073656038,1
0.7702842306526394,0
0.7679391430994031,0
0.7664697924352977,0
0.8397442899012755,0
4.0,1
4.0,0
4.0,0
4.0,0
4.0,0
0.013331273319952874,0
0.01759029170106885,0
0.040965418485982674,0
0.010679248118800722,0
0.014084126946039888,0
0.03613849163307936,0
0.09360774719756648,0
0.03341171466850401,0
0.03776148404159141,0
0.057194710285713324,0
0.031699552181890134,0
0.05073689315524543,0
0.031617056737543336,0
0.028285555712388444,0
0.028233429502579455,0
2.1310902315834492,1
0.5527770295252186,0
0.5434399979124822,0
0.5289004897276031,0
0.543572883877502,0
3.70325645853397,1
0.9459404822753319,0
0.9328390234894925,0
0.9515009982835161,0
0.931971909561947,0
2.3194545962211186,1
0.5714061012088183,0
0.6019637080918674,0
0.613566861964157,0
0.5895618351179825,0
3.086411638885428,1
0.8248204164411805,0
0.8186148477793052,0
0.8954635570380831,0
0.8720255423774721,0
4.0,1
4.0,0
4.0,0
4.0,0
4.0,0
2.98698273581045,1
0.7748909616476376,0
0.7610950930757974,0
0.7591009901327133,0
0.7638481349896997,0
3.988414205969861,1
3.997453239989162,0
3.997505347084252,0
3.9970817016627374,0
3.9963739172337096,0
2.3031238561129403,1
0.6307869807379163,0
0.5633928847256433,0
0.5943959948472766,0
0.6462879725098918,0
3.9897907830647306,1
3.997549421950299,0
3.9974325921825407,0
3.9974214374938084,0
3.9973873314380826,0
0.0769582822245134,0
0.05430587944073251,0
0.08508349204794685,0
0.08917689354508473,0
0.05204980223626343,0
0.02336605281699944,0
0.018681061420053435,0
0.018985695564504468,0
0.019322693377086697,0
0.0161209109197471,0
0.03692968966892529,0
0.031598739927120256,0
0.051562189281392445,0
0.0522680029797451,0
0.1113764543911735,0
0.5547980488224988,1
0.19247095105557133,0
0.17460626283350722,0
0.21623918058929315,0
0.14512191157511767,0
0.021869076878360705,0
0.014245609105396184,0
0.017457981898144403,0
0.027105542137682903,0
0.018989355065245572,0
4.0,0
4.0,0
4.0,0
4.0,0
4.0,0
0.04652585479925797,0
0.055111215479035636,0
0.09554506894205961,0
0.0673549046076456,0
0.0663224102401827,0
0.43571051246201264,1
0.1925511569901417,0
0.1959311146498548,0
0.1277292642324639,0
0.12870671417598523,0
4.0,0
4.0,0
4.0,0
4.0,0
4.0,0
0.04607058100405137,0
0.03396886519769504,0
0.03287149884650997,0
0.1025289255010442,0
0.03400278451520311,0
0.09445126135908133,0
0.07953571877247922,0
0.0860830309378553,0
0.06196835968529868,0
0.09799543585046999,0
4.0,0
4.0,0
4.0,0
4.0,0
4.0,0
4.0,0
4.0,0
4.0,0
4.0,0
4.0,0
3.873088207541609,1
0.9900663419716937,0
1.0017723938467995,0
1.001713214264222,0
0.9980744852666312,0
4.0,1
4.0,0
4.0,0
4.0,0
4.0,0
3.1226610418824032,1
0.8657656305584398,0
0.8531542073368459,0
0.8224242613439685,0
0.847707617464196,0
0.02913096673193749,0
0.016916253820292937,0
0.017655320445606026,0
0.035150590429066764,0
0.021216346420233734,0
0.02242347978982684,0
0.021708406472380926,0
0.017245320394573938,0
0.029144505043792623,0
0.03648940003785173,0
0.07194314691834247,0
0.07513527157542521,0
0.08762941927636891,0
0.04555893548071133,0
0.08001984359126002,0
0.11344861286009333,0
0.05693116991507896,0
0.04722645340404563,0
0.04961360473903298,0
0.057729228783542474,0
4.0,0
4.0,0
4.0,0
4.0,0
4.0,0
0.0193733957374711,0
0.03489347811892518,0
0.014498810524599115,0
0.015724928133098892,0
0.019514873258660526,0
2.0689872711768307,1
0.5895623751302774,0
0.5269024441173515,0
0.5099394388955911,0
0.5382985680990426,0
2.941888055465962,1
0.7565220863157802,0
0.7556237885338337,0
0.7302544065974548,0
0.7523003957657566,0
3.989249784009366,1
3.9975795030768677,0
3.997114233981236,0
3.9970001880567643,0
3.997555858894498,0
0.0766026638021815,0
0.08776025527788178,0
0.08517232021361654,0
0.06612903961223093,0
0.08002571323074648,0
4.0,1
4.0,0
4.0,0
4.0,0
4.0,0
0.05336248168590263,0
0.018509510592254586,0
0.04403713382032093,0
0.030542217971428087,0
0.02852388888234536,0
3.020668651604894,1
0.761892290634127,0
0.7950061396540056,0
0.7571830604072387,0
0.7560775443722054,0
3.988093867496839,1
3.996982049724139,0
3.9970477097401176,0
3.9970253071606603,0
3.9970388008719215,0
2.9798224353766836,1
0.7587225911425648,0
0.7536131678393141,0
0.767045006860553,0
0.7585730580017329,0
0.020423550482600916,0
0.016558004318460995,0
0.023670284786056595,0
0.026268124506542367,0
0.02059212831041002,0
0.5710669729963587,1
0.24540374726184044,0
0.14593543584843438,0
0.18021301712281979,0
0.18499968487727392,0
3.0586842096727467,1
0.8357519070329027,0
0.8298753476447063,0
0.8219678714100658,0
0.8762044678934173,0
0.06586669330837269,0
0.048789488445363016,0
0.04107375880569197,0
0.028743663904468697,0
0.06543490256754181,0
0.016023384883633085,0
0.01776116591237198,0
0.018226148493428518,0
0.02105309002052369,0
0.03584116567926232,0
4.0,0
4.0,0
4.0,0
4.0,0
4.0,0
0.023058687596571925,0
0.007451874689675897,0
0.010012407665673795,0
0.020100948269709207,0
0.008450456811100793,0
0.01668090144522605,0
0.02043784936836346,0
0.02381740203772864,0
0.02698239781791889,0
0.0214504965837512,0
0.017631767882846816,0
0.018923025708809327,0
0.024894449739757185,0
0.033616881570379675,0
0.018310669133866142,0
3.987126878950171,1
3.996983452635824,0
3.99625953364484,0
3.9969341840984645,0
3.9969497085710417,0
0.015162908676127351,0
0.019079568086341148,0
0.01608581032407086,0
0.043090687328604105,0
0.0178538587143251,0
3.9882550536292167,1
3.9963977007248075,0
3.9969634937523333,0
3.9974277340812434,0
3.997466125070832,0
0.054534583864457975,0
0.09468291101524118,0
0.03443406678033156,0
0.03263391551532724,0
0.04356427313744948,0
3.9997096713144553,1
3.9999432197437055,0
3.9999265945428166,0
3.999912291342686,0
3.9999275656852467,0
0.026622241949709302,0
0.025785580314109602,0
0.015595028686682166,0
0.023864851370175355,0
0.02080500274168484,0
0.019919432945866067,0
0.035544818746140905,0
0.026214264383298325,0
0.024654536369054014,0
0.03032560910606774,0
3.707179063852285,1
0.9434435842423419,0
0.9621608742133532,0
0.9445519596350236,0
0.9589296272886578,0
3.705121350999968,1
0.9488594961854595,0
0.9619293276397998,0
0.9435324971914669,0
0.9518802244767337,0
4.0,1
4.0,0
4.0,0
4.0,0
4.0,0
4.0,1
4.0,0
4.0,0
4.0,0
4.0,0
