0.5085647818955766,0
0.5365764388745373,0
0.44344459027319155,0
0.43688910806572057,0
0.4342941307714875,0
0.6512046083283735,1
0.39363545854499715,0
0.4304305361553082,0
0.4007338094457823,0
0.4153168290056486,0
0.48634208384445193,0
0.40917716208281496,0
0.41779841386904065,0
0.6153731167143555,0
0.3753151998355492,0
0.6246067355963583,1
0.4116220614486834,0
0.39363545854499715,0
0.39598749373210573,0
0.47630643646074755,0
0.5161957512136794,0
0.4266013130912648,0
0.5177356307083835,0
0.4637071494047135,0
0.39835358270781823,0
0.5695136965300941,0
0.4202948266011924,0
0.3820831851097378,0
0.484895576866945,0
0.4734773332286139,0
0.5025413095584863,0
0.47630643646074755,0
0.5100818972099282,0
0.4394995907667285,0
0.43688910806572057,0
0.5040404560663978,0
0.45413857289177323,0
0.5695136965300941,0
0.3798137369326987,0
0.41779841386904065,0
0.46232796456874053,0
0.5462524163952204,0
0.42154862108456737,0
0.4067467846132904,0
0.4720690893423505,0
0.44344459027319155,0
0.4820154569719568,0
0.48634208384445193,0
0.5131297186002559,0
0.43688910806572057,0
0.4278739206493442,0
0.4317145667870241,0
0.46232796456874053,0
0.41779841386904065,0
0.5678198156935756,0
0.6080845999364103,1
0.4007338094457823,0
0.3719762972745614,0
0.46232796456874053,0
0.43300242785019105,0
0.5884832268746565,0
0.42154862108456737,0
0.43819240546285737,0
0.43819240546285737,0
0.4140815694815625,0
0.43300242785019105,0
0.45413857289177323,0
0.48058181850031845,0
0.46926515455538304,0
0.5085647818955766,0
0.4936396035548933,0
0.43558968701167905,0
0.5100818972099282,0
0.47772732090812414,0
0.46095288178470745,0
0.46926515455538304,0
0.5695136965300941,0
0.41904476122646095,0
0.40433084278483217,0
0.46647787421681536,0
0.6396695725785423,1
0.3948097246438107,0
0.4116220614486834,0
0.40433084278483217,0
0.4447674435318509,0
0.6649253127395671,1
0.44344459027319155,0
0.3753151998355492,0
0.3889732161329174,0
0.4266013130912648,0
0.4304305361553082,0
0.4936396035548933,0
0.49955637982770845,0
0.4650904485295843,0
0.474889778090726,0
0.4447674435318509,0
0.5255042077972224,0
0.41904476122646095,0
0.44742500055462003,0
0.5146604517183373,0
0.5177356307083835,0
0.5223828860199521,0
0.48345337217481593,0
0.4165557734705877,0
0.41779841386904065,0
0.5955368011192004,1
0.35466408148729006,0
0.46232796456874053,0
0.4266013130912648,0
0.4228061558010051,0
0.45413857289177323,0
0.5255042077972224,0
0.4304305361553082,0
0.45549332770040135,0
0.4460942430349391,0
0.49217139186884823,0
0.5085647818955766,0
0.49217139186884823,0
0.399541923588601,0
0.4253324905967725,0
0.45549332770040135,0
0.39013357415233896,0
0.4408106755754686,0
0.48634208384445193,0
0.557761806598245,0
0.4067467846132904,0
0.41039779111765495,0
0.6454113211515489,0
0.4202948266011924,0
0.4128499839383635,0
0.4527878474738736,0
0.46232796456874053,0
0.5085647818955766,0
0.4500984369081091,0
0.4820154569719568,0
0.4317145667870241,0
0.4460942430349391,0
0.4447674435318509,0
0.5797836251481019,0
0.43300242785019105,0
0.641577790644816,1
0.4892480560310076,0
0.3866628434426972,0
0.3924646850168696,0
0.39129739367162064,0
0.4153168290056486,0
0.4951121951085833,0
0.5544488853168679,0
0.42915032456235075,0
0.474889778090726,0
0.5365764388745373,0
0.46232796456874053,0
0.46647787421681536,0
0.4460942430349391,0
0.45821497360650065,0
0.641577790644816,1
0.4500984369081091,0
0.40917716208281496,0
0.41904476122646095,0
0.37868407277473976,0
0.40553701461483427,0
0.5511556416958947,0
0.4253324905967725,0
0.5085647818955766,0
0.47772732090812414,0
0.4514411394622535,0
0.5025413095584863,0
0.48058181850031845,0
0.4500984369081091,0
0.4266013130912648,0
0.4650904485295843,0
0.4637071494047135,0
0.42154862108456737,0
0.5161957512136794,0
0.4487597278981753,0
0.5318029139900965,0
0.42154862108456737,0
0.48058181850031845,0
0.4720690893423505,0
0.43688910806572057,0
0.6062759992704563,1
0.356783256427335,0
0.4734773332286139,0
0.40433084278483217,0
0.4342941307714875,0
0.6302132783905449,1
0.4165557734705877,0
0.3889732161329174,0
0.3924646850168696,0
0.474889778090726,0
0.6302132783905449,0
0.4128499839383635,0
0.4500984369081091,0
0.44344459027319155,0
0.338157596650246,0
0.6473366676053975,1
0.407960163514008,0
0.3843661936047103,0
0.4892480560310076,0
0.35784758758336327,0
0.4240674419081103,0
0.46647787421681536,0
0.5223828860199521,0
0.46926515455538304,0
0.4460942430349391,0
0.39363545854499715,0
0.5131297186002559,0
0.44742500055462003,0
0.49217139186884823,0
0.4527878474738736,0
0.4266013130912648,0
0.41904476122646095,0
0.6008824087963253,0
0.45549332770040135,0
0.4240674419081103,0
0.5695136965300941,0
0.42915032456235075,0
0.4266013130912648,0
0.4568521239199579,0
0.44212567152181115,0
0.40917716208281496,0
0.5318029139900965,0
0.4266013130912648,0
0.5208291843875847,0
0.44212567152181115,0
0.6227489938313521,1
0.40917716208281496,0
0.3924646850168696,0
0.44212567152181115,0
0.4487597278981753,0
0.6590099625737743,1
0.41779841386904065,0
0.4031282584214017,0
0.4031282584214017,0
0.4568521239199579,0
0.46926515455538304,0
0.5146604517183373,0
0.4568521239199579,0
0.39363545854499715,0
0.5349805219498444,0
0.5644471531534998,0
0.4165557734705877,0
0.4240674419081103,0
0.3855128082728816,0
0.5223828860199521,0
0.4734773332286139,0
0.43558968701167905,0
0.474889778090726,0
0.5025413095584863,0
0.42915032456235075,0
0.4892480560310076,0
0.5040404560663978,0
0.41039779111765495,0
0.4720690893423505,0
0.46647787421681536,0
0.43558968701167905,0
0.48345337217481593,0
0.5100818972099282,0
0.4820154569719568,0
0.47630643646074755,0
0.6434917011753629,1
0.40433084278483217,0
0.407960163514008,0
0.4153168290056486,0
0.44742500055462003,0
0.4165557734705877,0
0.47772732090812414,0
0.5349805219498444,0
0.39716877625975844,0
0.47772732090812414,0
0.5131297186002559,0
0.46232796456874053,0
0.5446277206141158,0
0.46232796456874053,0
0.40917716208281496,0
0.5161957512136794,0
0.5116035382778497,0
0.5025413095584863,0
0.407960163514008,0
0.44212567152181115,0
0.5511556416958947,0
0.47915244403979773,0
0.47066503393714837,0
0.4394995907667285,0
0.4278739206493442,0
0.6473366676053975,1
0.39363545854499715,0
0.4165557734705877,0
0.46232796456874053,0
0.3924646850168696,0
0.40433084278483217,0
0.47772732090812414,0
0.4116220614486834,0
0.407960163514008,0
0.6098985958948925,0
0.4240674419081103,0
0.3855128082728816,0
0.484895576866945,0
0.5990952293071181,0
0.39835358270781823,0
0.5849878304832523,1
0.3764348142045528,0
0.4031282584214017,0
0.49217139186884823,0
0.4278739206493442,0
0.3855128082728816,0
0.3753151998355492,0
0.4637071494047135,0
0.4936396035548933,0
0.5849878304832523,0
0.41039779111765495,0
0.4128499839383635,0
0.5746257177900358,0
0.39835358270781823,0
0.5085647818955766,0
0.44742500055462003,0
0.571212630434873,0
0.45549332770040135,0
0.4342941307714875,0
0.4266013130912648,0
0.5010466218995127,0
0.4734773332286139,0
0.4019292508544906,0
0.44742500055462003,0
0.4568521239199579,0
0.44344459027319155,0
0.4317145667870241,0
0.5937655208479734,0
0.4116220614486834,0
0.4595818888520523,0
0.547881958856509,0
0.42154862108456737,0
0.39129739367162064,0
0.4568521239199579,0
0.4637071494047135,0
0.474889778090726,0
0.43688910806572057,0
0.45821497360650065,0
0.5146604517183373,0
0.4317145667870241,0
0.43688910806572057,0
0.4266013130912648,0
0.4253324905967725,0
0.590238749371521,0
0.42915032456235075,0
0.40553701461483427,0
0.4447674435318509,0
0.5177356307083835,0
0.5527998111200761,0
0.44344459027319155,0
0.4500984369081091,0
0.4165557734705877,0
0.4965891795956368,0
0.4980705701207492,0
0.44344459027319155,0
0.4637071494047135,0
0.4820154569719568,0
0.4595818888520523,0
0.40433084278483217,0
0.5223828860199521,0
0.4116220614486834,0
0.38322298926472803,0
0.4116220614486834,0
0.5397825694133644,0
0.5365764388745373,0
0.5365764388745373,0
0.4317145667870241,0
0.5797836251481019,0
0.3643005828370309,0
0.3924646850168696,0
0.41904476122646095,0
0.46926515455538304,0
0.5780591988911933,0
0.44212567152181115,0
0.4031282584214017,0
0.4980705701207492,0
0.47066503393714837,0
0.43819240546285737,0
0.5446277206141158,0
0.4304305361553082,0
0.41904476122646095,0
0.42154862108456737,0
0.44212567152181115,0
0.39716877625975844,0
0.6609758755550164,1
0.4019292508544906,0
0.4165557734705877,0
0.43300242785019105,0
0.3948097246438107,0
0.6870728413657102,1
0.5884832268746565,0
0.399541923588601,0
0.47915244403979773,0
0.4128499839383635,0
0.41039779111765495,0
0.4487597278981753,0
0.547881958856509,0
0.4877929059416172,0
0.4408106755754686,0
0.4342941307714875,0
0.4067467846132904,0
0.4266013130912648,0
0.4447674435318509,0
0.571212630434873,0
0.4568521239199579,0
0.4067467846132904,0
0.40553701461483427,0
0.5365764388745373,0
0.4734773332286139,0
0.5223828860199521,0
0.590238749371521,0
0.4240674419081103,0
0.4980705701207492,0
0.39835358270781823,0
0.43558968701167905,0
0.45821497360650065,0
0.5025413095584863,0
0.4153168290056486,0
0.4892480560310076,0
0.4568521239199579,0
0.5867329257551419,0
0.4568521239199579,0
0.40553701461483427,0
0.46647787421681536,0
0.4240674419081103,0
0.4951121951085833,0
0.4228061558010051,0
0.49955637982770845,0
0.40433084278483217,0
0.5192801038651867,0
0.5286441799742242,0
0.4650904485295843,0
0.46232796456874053,0
0.47066503393714837,0
0.45413857289177323,0
0.5365764388745373,0
0.474889778090726,0
0.43558968701167905,0
0.4266013130912648,0
0.46232796456874053,0
0.5085647818955766,0
0.5116035382778497,0
0.5116035382778497,0
0.41904476122646095,0
0.43558968701167905,0
0.37419891548887074,0
0.38094677102671126,0
0.5177356307083835,0
0.4019292508544906,0
0.6098985958948925,0
0.4031282584214017,0
0.35150889669731306,0
0.5010466218995127,0
0.35572209086707707,0
0.6769157802906508,1
0.4447674435318509,0
0.47630643646074755,0
0.45413857289177323,0
0.47915244403979773,0
0.47630643646074755,0
0.41904476122646095,0
0.49070754702359054,0
0.3610596692008742,0
0.37308595126017097,0
0.6749024579155134,1
0.3643005828370309,0
0.43819240546285737,0
0.39716877625975844,0
0.4019292508544906,0
0.7099580664140649,1
0.4202948266011924,0
0.4487597278981753,0
0.474889778090726,0
0.4228061558010051,0
0.5561028789178486,0
0.4460942430349391,0
0.4165557734705877,0
0.46095288178470745,0
0.48058181850031845,0
0.5397825694133644,0
0.41904476122646095,0
0.40917716208281496,0
0.45549332770040135,0
0.39716877625975844,0
0.6264700192482235,0
0.42915032456235075,0
0.5661309728961874,0
0.4820154569719568,0
0.44344459027319155,0
0.4240674419081103,0
0.45821497360650065,0
0.49070754702359054,0
0.4228061558010051,0
0.474889778090726,0
0.4980705701207492,0
0.5116035382778497,0
0.4734773332286139,0
0.43819240546285737,0
0.40553701461483427,0
0.4877929059416172,0
0.4500984369081091,0
0.37308595126017097,0
0.39835358270781823,0
0.4116220614486834,0
0.6809604609701752,1
0.41039779111765495,0
0.3889732161329174,0
0.5302211947613915,0
0.43819240546285737,0
0.5397825694133644,0
0.4202948266011924,0
0.4487597278981753,0
0.5867329257551419,0
0.4153168290056486,0
0.46926515455538304,0
0.44742500055462003,0
0.5255042077972224,0
0.43819240546285737,0
0.46647787421681536,0
0.474889778090726,0
0.43300242785019105,0
0.5397825694133644,0
0.42154862108456737,0
0.4228061558010051,0
0.5544488853168679,0
0.46232796456874053,0
0.5270718556363705,0
0.4595818888520523,0
0.4447674435318509,0
0.44344459027319155,0
0.4007338094457823,0
0.4394995907667285,0
0.399541923588601,0
0.39013357415233896,0
0.6550956606193867,1
0.3589150937785485,0
0.37419891548887074,0
0.3621367574559785,0
0.5208291843875847,0
0.662947653112015,1
0.559425683077062,0
0.42154862108456737,0
0.4820154569719568,0
0.4128499839383635,0
0.4153168290056486,0
0.359985784484448,0
0.620896777470202,0
0.5070521788740343,0
0.35784758758336327,0
0.4447674435318509,0
0.39363545854499715,0
0.37419891548887074,0
0.41779841386904065,0
0.40917716208281496,0
0.6809604609701752,1
0.5365764388745373,0
0.45549332770040135,0
0.43558968701167905,0
0.43300242785019105,0
0.4342941307714875,0
0.5100818972099282,0
0.4304305361553082,0
0.45821497360650065,0
0.5070521788740343,0
0.407960163514008,0
0.5239412225476648,0
0.46232796456874053,0
0.47915244403979773,0
0.4460942430349391,0
0.43688910806572057,0
0.43558968701167905,0
0.5544488853168679,0
0.4031282584214017,0
0.4304305361553082,0
0.4877929059416172,0
0.4877929059416172,0
0.597313365351333,0
0.4153168290056486,0
0.4202948266011924,0
0.38322298926472803,0
0.42154862108456737,0
0.4240674419081103,0
0.4460942430349391,0
0.5797836251481019,0
0.4304305361553082,0
0.46095288178470745,0
0.42154862108456737,0
0.4936396035548933,0
0.5302211947613915,0
0.4447674435318509,0
0.4253324905967725,0
0.4031282584214017,0
0.3855128082728816,0
0.6512046083283735,0
0.4527878474738736,0
0.533389351694304,0
0.39835358270781823,0
0.4936396035548933,0
0.40917716208281496,0
0.47066503393714837,0
0.45821497360650065,0
0.4720690893423505,0
0.45413857289177323,0
0.4650904485295843,0
0.5070521788740343,0
0.4128499839383635,0
0.4007338094457823,0
0.4278739206493442,0
0.5990952293071181,0
0.47066503393714837,0
0.3664773374228196,0
0.4650904485295843,0
0.3820831851097378,0
0.39013357415233896,0
0.703642093047725,1
0.41039779111765495,0
0.43688910806572057,0
0.407960163514008,0
0.41039779111765495,0
0.6172088552724363,0
0.5365764388745373,0
0.42915032456235075,0
0.4278739206493442,0
0.5040404560663978,0
0.46232796456874053,0
0.48634208384445193,0
0.46926515455538304,0
0.5040404560663978,0
0.4007338094457823,0
0.5010466218995127,0
0.5561028789178486,0
0.4447674435318509,0
0.4228061558010051,0
0.4650904485295843,0
0.4460942430349391,0
0.3494210497155265,0
0.3820831851097378,0
0.46926515455538304,0
0.38781630931796135,0
0.703642093047725,1
0.4734773332286139,0
0.5116035382778497,0
0.4202948266011924,0
0.5223828860199521,0
0.4140815694815625,0
0.4637071494047135,0
0.4408106755754686,0
0.45413857289177323,0
0.5365764388745373,0
0.4568521239199579,0
0.47066503393714837,0
0.3504634184452376,0
0.41904476122646095,0
0.3351492578833436,0
0.6994626909499946,1
0.49217139186884823,0
0.5644471531534998,0
0.36321705880633615,0
0.4019292508544906,0
0.4720690893423505,0
0.38322298926472803,0
0.38322298926472803,0
0.38094677102671126,0
0.4720690893423505,0
0.6829918551614034,1
0.43688910806572057,0
0.5146604517183373,0
0.5255042077972224,0
0.39835358270781823,0
0.45549332770040135,0
0.474889778090726,0
0.4877929059416172,0
0.5365764388745373,0
0.43300242785019105,0
0.44344459027319155,0
0.6246067355963583,1
0.3820831851097378,0
0.47066503393714837,0
0.4007338094457823,0
0.4527878474738736,0
0.6008824087963253,1
0.39129739367162064,0
0.45821497360650065,0
0.4031282584214017,0
0.4500984369081091,0
0.6246067355963583,1
0.47915244403979773,0
0.3798137369326987,0
0.42154862108456737,0
0.4128499839383635,0
0.5131297186002559,0
0.5100818972099282,0
0.39363545854499715,0
0.48345337217481593,0
0.39363545854499715,0
0.4487597278981753,0
0.4447674435318509,0
0.4165557734705877,0
0.5223828860199521,0
0.5116035382778497,0
0.4595818888520523,0
0.45549332770040135,0
0.5302211947613915,0
0.4637071494047135,0
0.44212567152181115,0
0.5990952293071181,1
0.407960163514008,0
0.4734773332286139,0
0.34323162131059165,0
0.4253324905967725,0
0.5192801038651867,0
0.40433084278483217,0
0.5797836251481019,0
0.40433084278483217,0
0.3948097246438107,0
0.6377670300456824,1
0.3948097246438107,0
0.42154862108456737,0
0.37868407277473976,0
0.47630643646074755,0
0.44212567152181115,0
0.5223828860199521,0
0.4128499839383635,0
0.533389351694304,0
0.4202948266011924,0
0.61905007007893,1
0.48058181850031845,0
0.39835358270781823,0
0.3924646850168696,0
0.4228061558010051,0
0.42154862108456737,0
0.4936396035548933,0
0.48634208384445193,0
0.5070521788740343,0
0.4500984369081091,0
0.45821497360650065,0
0.4892480560310076,0
0.46232796456874053,0
0.49217139186884823,0
0.45549332770040135,0
0.4342941307714875,0
0.4278739206493442,0
0.48345337217481593,0
0.44212567152181115,0
0.5763399015233849,0
0.4734773332286139,0
0.48345337217481593,0
0.4678694387764822,0
0.4637071494047135,0
0.46232796456874053,0
0.4877929059416172,0
0.43558968701167905,0
0.5116035382778497,0
0.43819240546285737,0
0.5010466218995127,0
0.6153731167143555,0
0.4031282584214017,0
0.44344459027319155,0
0.46232796456874053,0
0.4165557734705877,0
0.46647787421681536,0
0.4317145667870241,0
0.5100818972099282,0
0.4317145667870241,0
0.4720690893423505,0
0.4304305361553082,0
0.4067467846132904,0
0.484895576866945,0
0.5867329257551419,0
0.43558968701167905,0
0.4877929059416172,0
0.484895576866945,0
0.49217139186884823,0
0.4595818888520523,0
0.43558968701167905,0
0.44212567152181115,0
0.5746257177900358,0
0.46926515455538304,0
0.43558968701167905,0
0.41039779111765495,0
0.5381771166283186,0
0.4820154569719568,0
0.41039779111765495,0
0.4637071494047135,0
0.4500984369081091,0
0.5797836251481019,1
0.3820831851097378,0
0.3843661936047103,0
0.41039779111765495,0
0.5397825694133644,0
0.5413928114742181,0
0.5010466218995127,0
0.4447674435318509,0
0.4342941307714875,0
0.41779841386904065,0
0.5561028789178486,1
0.3855128082728816,0
0.4965891795956368,0
0.39013357415233896,0
0.44344459027319155,0
0.5884832268746565,0
0.39716877625975844,0
0.4007338094457823,0
0.37868407277473976,0
0.533389351694304,0
0.559425683077062,0
0.39129739367162064,0
0.4153168290056486,0
0.45413857289177323,0
0.5239412225476648,0
0.597313365351333,1
0.46095288178470745,0
0.39835358270781823,0
0.38094677102671126,0
0.4447674435318509,0
0.44212567152181115,0
0.4650904485295843,0
0.4951121951085833,0
0.48058181850031845,0
0.4266013130912648,0
0.5780591988911933,0
0.4447674435318509,0
0.4140815694815625,0
0.41904476122646095,0
0.484895576866945,0
0.42915032456235075,0
0.4394995907667285,0
0.484895576866945,0
0.474889778090726,0
0.5131297186002559,0
0.407960163514008,0
0.4637071494047135,0
0.4140815694815625,0
0.5797836251481019,0
0.4460942430349391,0
0.6062759992704563,1
0.4228061558010051,0
0.47772732090812414,0
0.4153168290056486,0
0.38781630931796135,0
0.5365764388745373,0
0.44742500055462003,0
0.5131297186002559,0
0.4514411394622535,0
0.4116220614486834,0
0.4820154569719568,0
0.4278739206493442,0
0.4980705701207492,0
0.46647787421681536,0
0.46095288178470745,0
0.4116220614486834,0
0.5511556416958947,0
0.5070521788740343,0
0.46647787421681536,0
0.39835358270781823,0
0.4253324905967725,0
0.5055440747245773,0
0.4877929059416172,0
0.47066503393714837,0
0.4487597278981753,0
0.47772732090812414,0
0.4165557734705877,0
0.43688910806572057,0
0.5255042077972224,0
0.474889778090726,0
0.4140815694815625,0
0.4228061558010051,0
0.46926515455538304,0
0.597313365351333,0
0.40553701461483427,0
0.4487597278981753,0
0.4408106755754686,0
0.4240674419081103,0
0.40433084278483217,0
0.5832479255754522,0
0.5937655208479734,0
0.39835358270781823,0
0.49070754702359054,0
0.43819240546285737,0
0.39363545854499715,0
0.3924646850168696,0
0.4019292508544906,0
0.6026749196758864,0
0.40917716208281496,0
0.5010466218995127,0
0.5763399015233849,0
0.4936396035548933,0
0.4408106755754686,0
0.3924646850168696,0
0.4140815694815625,0
0.46095288178470745,0
0.4278739206493442,0
0.5302211947613915,0
0.45821497360650065,0
0.4460942430349391,0
0.4165557734705877,0
0.557761806598245,0
0.44742500055462003,0
0.45549332770040135,0
0.46647787421681536,0
0.6008824087963253,1
0.4019292508544906,0
0.38322298926472803,0
0.44344459027319155,0
0.4460942430349391,0
0.4820154569719568,0
0.3855128082728816,0
0.5832479255754522,0
0.40917716208281496,0
0.44212567152181115,0
0.47915244403979773,0
0.43819240546285737,0
0.5131297186002559,0
0.43300242785019105,0
0.4877929059416172,0
0.703642093047725,1
0.38322298926472803,0
0.4266013130912648,0
0.3708699436865241,0
0.4240674419081103,0
0.42154862108456737,0
0.46926515455538304,0
0.45549332770040135,0
0.5763399015233849,0
0.39598749373210573,0
0.6339789041084022,1
0.3775577685297742,0
0.4447674435318509,0
0.41779841386904065,0
0.4595818888520523,0
0.4650904485295843,0
0.4936396035548933,0
0.46095288178470745,0
0.4165557734705877,0
0.5040404560663978,0
0.6264700192482235,1
0.39835358270781823,0
0.41779841386904065,0
0.48634208384445193,0
0.39363545854499715,0
0.42154862108456737,0
0.5100818972099282,0
0.46095288178470745,0
0.5116035382778497,0
0.4447674435318509,0
0.5746257177900358,1
0.41904476122646095,0
0.4202948266011924,0
0.41779841386904065,0
0.45821497360650065,0
0.6098985958948925,1
0.4019292508544906,0
0.48058181850031845,0
0.4240674419081103,0
0.40433084278483217,0
0.46232796456874053,0
0.4007338094457823,0
0.5955368011192004,0
0.48634208384445193,0
0.399541923588601,0
0.44344459027319155,0
0.5397825694133644,0
0.4892480560310076,0
0.41039779111765495,0
0.4527878474738736,0
0.5797836251481019,1
0.4487597278981753,0
0.41904476122646095,0
0.4317145667870241,0
0.45821497360650065,0
0.47915244403979773,0
0.3719762972745614,0
0.36866709846742274,0
0.4408106755754686,0
0.620896777470202,0
0.47772732090812414,0
0.4460942430349391,0
0.39716877625975844,0
0.41779841386904065,0
0.5610945231172128,0
0.44344459027319155,0
0.4228061558010051,0
0.4116220614486834,0
0.571212630434873,0
0.4527878474738736,0
0.43300242785019105,0
0.4965891795956368,0
0.5055440747245773,0
0.5146604517183373,0
0.4153168290056486,0
0.4128499839383635,0
0.5131297186002559,0
0.4568521239199579,0
0.4253324905967725,0
0.5270718556363705,0
0.6008824087963253,1
0.4304305361553082,0
0.4568521239199579,0
0.39129739367162064,0
0.4278739206493442,0
0.5349805219498444,0
0.45413857289177323,0
0.43300242785019105,0
0.47066503393714837,0
0.4394995907667285,0
0.4394995907667285,0
0.45413857289177323,0
0.5116035382778497,0
0.4980705701207492,0
0.47630643646074755,0
0.48058181850031845,0
0.4153168290056486,0
0.4951121951085833,0
0.40917716208281496,0
0.5286441799742242,1
0.43558968701167905,0
0.44742500055462003,0
0.4266013130912648,0
0.41779841386904065,0
0.5937655208479734,1
0.5010466218995127,0
0.5286441799742242,0
0.4266013130912648,0
0.4720690893423505,0
0.4394995907667285,0
0.407960163514008,0
0.37308595126017097,0
0.474889778090726,0
0.3708699436865241,0
0.6728951236811526,1
0.4202948266011924,0
0.4394995907667285,0
0.4140815694815625,0
0.44742500055462003,0
0.5746257177900358,1
0.43558968701167905,0
0.4031282584214017,0
0.48345337217481593,0
0.4278739206493442,0
0.5867329257551419,1
0.4240674419081103,0
0.4460942430349391,0
0.5413928114742181,0
0.41779841386904065,0
0.484895576866945,0
0.35466408148729006,0
0.4527878474738736,0
0.4514411394622535,0
0.4153168290056486,0
0.590238749371521,1
0.45413857289177323,0
0.41779841386904065,0
0.43819240546285737,0
0.3948097246438107,0
0.61354283811691,1
0.37419891548887074,0
0.39129739367162064,0
0.4394995907667285,0
0.4317145667870241,0
0.6512046083283735,1
0.5397825694133644,0
0.4007338094457823,0
0.4278739206493442,0
0.5177356307083835,0
0.4140815694815625,0
0.474889778090726,0
0.356783256427335,0
0.5627683415256506,0
0.35784758758336327,0
0.5270718556363705,1
0.5055440747245773,0
0.4527878474738736,0
0.5040404560663978,0
0.4408106755754686,0
0.4019292508544906,0
0.4487597278981753,0
0.5544488853168679,0
0.4128499839383635,0
0.41039779111765495,0
0.46926515455538304,0
0.4253324905967725,0
0.4278739206493442,0
0.5349805219498444,0
0.46232796456874053,0
0.46232796456874053,0
0.4165557734705877,0
0.4153168290056486,0
0.4031282584214017,0
0.484895576866945,0
0.6062759992704563,1
0.4140815694815625,0
0.6283388613191219,0
0.4128499839383635,0
0.399541923588601,0
0.46647787421681536,0
0.43558968701167905,0
0.6026749196758864,0
0.4278739206493442,0
0.4067467846132904,0
0.4487597278981753,0
0.43819240546285737,0
0.4951121951085833,0
0.39129739367162064,0
0.4153168290056486,0
0.5729166324818763,1
0.4067467846132904,0
0.46926515455538304,0
0.5239412225476648,0
0.46095288178470745,0
0.4304305361553082,0
0.41779841386904065,0
0.557761806598245,0
0.4317145667870241,0
0.4951121951085833,0
0.44212567152181115,0
0.5349805219498444,0
0.399541923588601,0
0.61354283811691,0
0.3664773374228196,0
0.39363545854499715,0
0.4266013130912648,0
0.4140815694815625,0
0.45549332770040135,0
0.4678694387764822,0
0.571212630434873,0
0.4019292508544906,0
0.5780591988911933,0
0.4650904485295843,0
0.45821497360650065,0
0.4304305361553082,0
0.43688910806572057,0
0.4877929059416172,0
0.5116035382778497,0
0.4460942430349391,0
0.45549332770040135,0
0.4568521239199579,0
0.407960163514008,0
0.4500984369081091,0
0.4595818888520523,0
0.549516362456263,0
0.5100818972099282,0
0.48634208384445193,0
0.4165557734705877,0
0.45549332770040135,0
0.46095288178470745,0
0.4500984369081091,0
0.36538733916174004,0
0.45821497360650065,0
0.4019292508544906,0
0.6062759992704563,1
0.3697668806798241,0
0.46232796456874053,0
0.40433084278483217,0
0.38094677102671126,0
0.6809604609701752,1
0.4514411394622535,0
0.43688910806572057,0
0.4128499839383635,0
0.43688910806572057,0
0.5678198156935756,0
0.39363545854499715,0
0.3948097246438107,0
0.42915032456235075,0
0.39363545854499715,0
0.7057411495164139,1
0.4278739206493442,0
0.46232796456874053,0
0.5797836251481019,0
0.4278739206493442,0
0.4317145667870241,0
0.40917716208281496,0
0.45821497360650065,0
0.5678198156935756,0
0.3889732161329174,0
0.4820154569719568,0
0.39716877625975844,0
0.45821497360650065,0
0.5413928114742181,0
0.5270718556363705,0
0.3775577685297742,0
0.42154862108456737,0
0.5561028789178486,0
0.4342941307714875,0
0.4500984369081091,0
0.44212567152181115,0
0.4527878474738736,0
0.41779841386904065,0
0.48058181850031845,0
0.41779841386904065,0
0.559425683077062,0
0.5100818972099282,0
0.4527878474738736,0
0.5208291843875847,0
0.4342941307714875,0
0.42915032456235075,0
0.3664773374228196,0
0.40553701461483427,0
0.5430078570979163,0
0.3843661936047103,0
0.6117180032407668,0
0.46095288178470745,0
0.46647787421681536,0
0.4951121951085833,0
0.49955637982770845,0
0.4240674419081103,0
0.40917716208281496,0
0.42154862108456737,0
0.4031282584214017,0
0.5955368011192004,0
0.46095288178470745,0
0.4720690893423505,0
0.39363545854499715,0
0.4487597278981753,0
0.4116220614486834,0
0.5832479255754522,1
0.4734773332286139,0
0.3719762972745614,0
0.43688910806572057,0
0.4128499839383635,0
0.6008824087963253,0
0.3889732161329174,0
0.5937655208479734,0
0.38094677102671126,0
0.41039779111765495,0
0.5040404560663978,0
0.4650904485295843,0
0.4153168290056486,0
0.5678198156935756,0
0.4936396035548933,0
0.3924646850168696,0
0.49070754702359054,0
0.5255042077972224,0
0.42915032456235075,0
0.4951121951085833,0
0.4228061558010051,0
0.3697668806798241,0
0.35150889669731306,0
0.474889778090726,0
0.5884832268746565,0
0.4965891795956368,0
0.45413857289177323,0
0.47630643646074755,0
0.5627683415256506,0
0.43819240546285737,0
0.4253324905967725,0
0.4595818888520523,0
0.4140815694815625,0
0.4487597278981753,0
0.5746257177900358,0
0.43819240546285737,0
0.5318029139900965,0
0.3775577685297742,0
0.41039779111765495,0
0.4500984369081091,0
0.5302211947613915,1
0.3948097246438107,0
0.39835358270781823,0
0.48058181850031845,0
0.3643005828370309,0
0.6531472369161986,1
0.4460942430349391,0
0.5462524163952204,0
0.399541923588601,0
0.49217139186884823,0
0.4568521239199579,0
0.4228061558010051,0
0.39835358270781823,0
0.44344459027319155,0
0.5100818972099282,0
0.5239412225476648,0
0.4128499839383635,0
0.4487597278981753,0
0.47066503393714837,0
0.5239412225476648,0
0.46926515455538304,0
0.40917716208281496,0
0.3843661936047103,0
0.474889778090726,0
0.3889732161329174,0
0.6531472369161986,1
0.4228061558010051,0
0.48345337217481593,0
0.42915032456235075,0
0.5146604517183373,0
0.48058181850031845,0
0.4447674435318509,0
0.38094677102671126,0
0.4266013130912648,0
0.39129739367162064,0
0.662947653112015,1
0.4650904485295843,0
0.4460942430349391,0
0.5430078570979163,0
0.474889778090726,0
0.43688910806572057,0
0.45413857289177323,0
0.5025413095584863,0
0.4266013130912648,0
0.4067467846132904,0
0.533389351694304,0
0.44212567152181115,0
0.4460942430349391,0
0.4568521239199579,0
0.4460942430349391,0
0.549516362456263,0
0.4500984369081091,0
0.4408106755754686,0
0.5302211947613915,0
0.4720690893423505,0
0.43819240546285737,0
0.5085647818955766,0
0.40553701461483427,0
0.43558968701167905,0
0.39363545854499715,0
0.5729166324818763,1
0.49217139186884823,0
0.4720690893423505,0
0.43300242785019105,0
0.4650904485295843,0
0.4936396035548933,0
0.5255042077972224,0
0.4253324905967725,0
0.4408106755754686,0
0.4342941307714875,0
0.5302211947613915,0
0.49070754702359054,0
0.4128499839383635,0
0.5286441799742242,0
0.4936396035548933,0
0.41039779111765495,0
0.6492677576197414,0
0.47066503393714837,0
0.4031282584214017,0
0.39363545854499715,0
0.39129739367162064,0
0.4951121951085833,0
0.5302211947613915,0
0.4153168290056486,0
0.46232796456874053,0
0.47066503393714837,0
0.5397825694133644,0
0.4820154569719568,0
0.47630643646074755,0
0.4253324905967725,0
0.3855128082728816,0
0.7078464677453103,1
0.4007338094457823,0
0.4892480560310076,0
0.34323162131059165,0
0.356783256427335,0
0.40917716208281496,0
0.5365764388745373,0
0.49217139186884823,0
0.4877929059416172,0
0.43819240546285737,0
0.474889778090726,1
0.4514411394622535,0
0.5413928114742181,0
0.48058181850031845,0
0.4228061558010051,0
0.44344459027319155,0
0.45549332770040135,0
0.5302211947613915,0
0.46232796456874053,0
0.5239412225476648,0
0.5025413095584863,1
0.4317145667870241,0
0.4514411394622535,0
0.4568521239199579,0
0.5365764388745373,0
0.39129739367162064,0
0.4877929059416172,0
0.5131297186002559,0
0.5255042077972224,0
0.4019292508544906,0
0.5010466218995127,0
0.4980705701207492,0
0.4408106755754686,0
0.4720690893423505,0
0.43688910806572057,0
0.597313365351333,0
0.3948097246438107,0
0.4266013130912648,0
0.4487597278981753,0
0.46926515455538304,0
0.4720690893423505,0
0.3764348142045528,0
0.4734773332286139,0
0.4408106755754686,0
0.5131297186002559,0
0.7015492797151518,1
0.4317145667870241,0
0.3463125083128084,0
0.3371518286130962,0
0.48345337217481593,0
0.6870728413657102,1
0.4240674419081103,0
0.4019292508544906,0
0.4202948266011924,0
0.399541923588601,0
0.6789351086699725,1
0.5116035382778497,0
0.359985784484448,0
0.3621367574559785,0
0.36538733916174004,0
0.6911782121190773,1
0.47630643646074755,0
0.37868407277473976,0
0.3843661936047103,0
0.3697668806798241,0
0.5397825694133644,1
0.40553701461483427,0
0.45549332770040135,0
0.4447674435318509,0
0.47915244403979773,0
0.5365764388745373,1
0.3753151998355492,0
0.5365764388745373,0
0.42915032456235075,0
0.39013357415233896,0
0.5055440747245773,0
0.4980705701207492,0
0.4820154569719568,0
0.4447674435318509,0
0.44212567152181115,0
0.6749024579155134,1
0.4460942430349391,0
0.35360921890067804,0
0.4500984369081091,0
0.37308595126017097,0
0.6283388613191219,1
0.4253324905967725,0
0.4067467846132904,0
0.4650904485295843,0
0.39835358270781823,0
0.5208291843875847,1
0.5318029139900965,0
0.40433084278483217,0
0.4253324905967725,0
0.5223828860199521,0
0.703642093047725,1
0.40553701461483427,0
0.3855128082728816,0
0.4007338094457823,0
0.42154862108456737,0
0.5797836251481019,0
0.4460942430349391,0
0.407960163514008,0
0.44344459027319155,0
0.4304305361553082,0
0.5239412225476648,0
0.5511556416958947,0
0.4487597278981753,0
0.45549332770040135,0
0.4253324905967725,0
0.6809604609701752,0
0.43558968701167905,0
0.3775577685297742,0
0.43558968701167905,0
0.3664773374228196,0
0.4965891795956368,0
0.4342941307714875,0
0.41904476122646095,0
0.48634208384445193,0
0.4877929059416172,0
0.5100818972099282,1
0.46095288178470745,0
0.3764348142045528,0
0.39598749373210573,0
0.5462524163952204,0
0.5286441799742242,0
0.5462524163952204,0
0.4394995907667285,0
0.3843661936047103,0
0.4153168290056486,0
0.6649253127395671,0
0.3866628434426972,0
0.399541923588601,0
0.4487597278981753,0
0.4266013130912648,0
0.6789351086699725,1
0.4240674419081103,0
0.4266013130912648,0
0.41039779111765495,0
0.4116220614486834,0
0.4240674419081103,0
0.45821497360650065,0
0.5116035382778497,0
0.4595818888520523,0
0.5397825694133644,0
0.4278739206493442,1
0.5270718556363705,0
0.44344459027319155,0
0.4500984369081091,0
0.5070521788740343,0
0.7078464677453103,1
0.399541923588601,0
0.3843661936047103,0
0.40553701461483427,0
0.41904476122646095,0
0.6769157802906508,1
0.37308595126017097,0
0.3697668806798241,0
0.33216768208798503,0
0.5462524163952204,0
0.48058181850031845,0
0.5177356307083835,0
0.45549332770040135,0
0.44212567152181115,0
0.4650904485295843,0
0.7227606007662234,1
0.3820831851097378,0
0.37868407277473976,0
0.4153168290056486,0
0.3866628434426972,0
0.6320932870934487,0
0.4820154569719568,0
0.38781630931796135,0
0.4342941307714875,0
0.38781630931796135,0
0.4637071494047135,0
0.42154862108456737,0
0.46232796456874053,0
0.44344459027319155,0
0.559425683077062,0
0.6320932870934487,0
0.4128499839383635,0
0.399541923588601,0
0.44212567152181115,0
0.43300242785019105,0
0.6953081131231075,1
0.399541923588601,0
0.36538733916174004,0
0.3948097246438107,0
0.4278739206493442,0
0.484895576866945,0
0.4240674419081103,0
0.484895576866945,0
0.5381771166283186,0
0.4228061558010051,0
0.45413857289177323,0
0.3889732161329174,0
0.4734773332286139,0
0.47066503393714837,0
0.5192801038651867,0
0.5055440747245773,1
0.4595818888520523,0
0.4007338094457823,0
0.46647787421681536,0
0.46647787421681536,0
0.5055440747245773,0
0.4202948266011924,0
0.4637071494047135,0
0.4153168290056486,0
0.5397825694133644,0
0.41039779111765495,0
0.407960163514008,0
0.5678198156935756,0
0.5100818972099282,0
0.4140815694815625,0
0.5010466218995127,0
0.5318029139900965,0
0.46095288178470745,0
0.47772732090812414,0
0.4278739206493442,0
0.6891224695877548,1
0.37308595126017097,0
0.4650904485295843,0
0.359985784484448,0
0.4007338094457823,0
0.44344459027319155,0
0.4892480560310076,0
0.4342941307714875,0
0.5192801038651867,0
0.5116035382778497,0
0.5815131955942582,1
0.4202948266011924,0
0.4394995907667285,0
0.4342941307714875,0
0.45413857289177323,0
0.43558968701167905,0
0.46095288178470745,0
0.46926515455538304,0
0.42154862108456737,0
0.5255042077972224,0
0.5040404560663978,0
0.4980705701207492,0
0.5010466218995127,0
0.4637071494047135,0
0.43558968701167905,0
0.5627683415256506,1
0.399541923588601,0
0.4116220614486834,0
0.49217139186884823,0
0.44344459027319155,0
0.6026749196758864,1
0.39363545854499715,0
0.3866628434426972,0
0.49217139186884823,0
0.4140815694815625,0
0.5223828860199521,0
0.4007338094457823,0
0.5208291843875847,0
0.4240674419081103,0
0.44344459027319155,0
0.5610945231172128,1
0.42154862108456737,0
0.44344459027319155,0
0.4595818888520523,0
0.4514411394622535,0
0.6973823082387823,1
0.3442555261651889,0
0.5302211947613915,0
0.3351492578833436,0
0.37868407277473976,0
0.5446277206141158,0
0.4980705701207492,0
0.43688910806572057,0
0.39716877625975844,0
0.4153168290056486,0
0.4153168290056486,0
0.5208291843875847,0
0.4253324905967725,0
0.44212567152181115,0
0.4965891795956368,0
0.44742500055462003,0
0.42154862108456737,0
0.4317145667870241,0
0.38094677102671126,0
0.6454113211515489,0
0.6728951236811526,1
0.4031282584214017,0
0.37308595126017097,0
0.45821497360650065,0
0.40553701461483427,0
0.44212567152181115,0
0.4936396035548933,0
0.4408106755754686,0
0.5446277206141158,0
0.41904476122646095,0
0.474889778090726,0
0.533389351694304,0
0.4342941307714875,0
0.45821497360650065,0
0.4240674419081103,0
0.533389351694304,1
0.4408106755754686,0
0.3621367574559785,0
0.5832479255754522,0
0.36866709846742274,0
0.5746257177900358,0
0.4067467846132904,0
0.43819240546285737,0
0.4720690893423505,0
0.4228061558010051,0
0.7057411495164139,1
0.407960163514008,0
0.4342941307714875,0
0.3697668806798241,0
0.38322298926472803,0
0.38322298926472803,0
0.6283388613191219,0
0.4278739206493442,0
0.484895576866945,0
0.4202948266011924,0
