1.6492033004760742,0
-0.044345319271087646,0
-0.366925984621048,0
-0.12499048560857773,0
-0.366925984621048,0
0.915989339351654,0
0.22321826219558716,0
0.0726158618927002,0
0.1328568309545517,0
1.15695321559906,0
1.6348663568496704,1
-0.2579907774925232,0
-0.02329690009355545,0
-0.2835009694099426,0
-0.16615404188632965,0
1.6220711469650269,1
-0.14909888803958893,0
-0.0618332102894783,0
-0.1878836303949356,0
-0.18465156853199005,0
0.1728491336107254,0
1.1576976776123047,0
0.8546673655509949,0
0.1728491336107254,0
0.4758794605731964,0
1.2930681705474854,0
-0.3245789110660553,0
0.557774007320404,0
-0.03046126663684845,0
0.41071516275405884,0
-0.1812969595193863,1
1.4853696823120117,0
-1.8479636907577515,0
0.2353696972131729,0
-1.8479636907577515,0
1.6096199750900269,1
-0.01571512036025524,0
-0.2519751787185669,0
-0.05592959746718407,0
-0.22684112191200256,0
1.6595799922943115,1
-0.1736622452735901,0
-0.2164439707994461,0
-0.2296425849199295,0
-0.22372595965862274,0
1.6536765098571777,1
-0.19338645040988922,0
-0.1582922637462616,0
-0.22986595332622528,0
-0.22063063085079193,0
0.36911696195602417,0
0.8283005356788635,0
0.11401492357254028,0
0.5731985569000244,0
1.134423017501831,0
1.6604294776916504,1
-0.2316807359457016,0
-0.20787526667118073,0
-0.19427213072776794,0
-0.21382662653923035,0
1.607749581336975,1
-0.06924768537282944,0
-0.10023942589759827,0
-0.09679590165615082,0
-0.2173193246126175,0
0.015781575813889503,0
1.6066906452178955,0
-0.15467296540737152,0
-0.21149113774299622,0
-0.15467296540737152,0
1.6420124769210815,1
-0.1411043256521225,0
-0.12162379920482635,0
-0.21902640163898468,0
-0.248896524310112,0
1.64821457862854,1
-0.22186416387557983,0
-0.23592491447925568,0
-0.15296652913093567,0
-0.1557786762714386,0
0.8801098465919495,0
0.9143564105033875,0
0.4006577432155609,0
0.8801098465919495,0
0.8458632826805115,0
1.1914775371551514,1
0.5504520535469055,0
0.22993923723697662,0
0.6145545840263367,0
0.6786571741104126,0
-1.9198671579360962,0
0.5801329016685486,0
0.5801329016685486,0
0.5801329016685486,0
-0.2532004117965698,0
0.6900138258934021,0
0.47262251377105713,0
0.6718978881835938,0
0.9255210757255554,0
1.070448637008667,0
0.3993723690509796,0
0.8330457806587219,0
0.9350866079330444,0
0.9861069917678833,0
0.3993723690509796,0
1.6461150646209717,1
-0.22426962852478027,0
-0.17471657693386078,0
-0.2485603392124176,0
-0.1125323548913002,0
-0.35098838806152344,0
-0.19225823879241943,0
1.6728209257125854,0
-0.35098838806152344,0
-0.11289315670728683,0
-0.09036505222320557,0
0.865517258644104,0
0.7919878363609314,0
0.9390466213226318,0
0.2037525773048401,0
1.6599624156951904,1
-0.22502490878105164,0
-0.16194669902324677,0
-0.247102290391922,0
-0.21556317806243896,0
1.2807074785232544,1
0.4638758897781372,0
0.6247669458389282,0
0.09258878976106644,0
0.15446996688842773,0
1.6359223127365112,1
-0.12763194739818573,0
-0.23606568574905396,0
-0.24961990118026733,0
-0.0869693011045456,0
0.2516389787197113,0
1.3154687881469727,0
0.3934829533100128,0
0.4289439618587494,0
0.49986594915390015,0
1.6577638387680054,1
-0.23570570349693298,0
-0.18462945520877838,0
-0.22248059511184692,0
-0.18736568093299866,0
0.22864380478858948,0
-0.18312089145183563,0
1.4051142930984497,0
0.4639379382133484,0
-0.18312089145183563,0
0.21869005262851715,0
0.48417678475379944,0
1.0372741222381592,0
0.48417678475379944,0
0.9930263161659241,0
1.6593657732009888,1
-0.2102755755186081,0
-0.23520995676517487,0
-0.20896323025226593,0
-0.1862160712480545,0
0.8074177503585815,0
0.8074177503585815,0
0.41456058621406555,0
0.09313198924064636,0
1.0217034816741943,0
1.619941234588623,1
-0.13816358149051666,0
-0.02906133607029915,0
-0.1880389004945755,0
-0.23635561764240265,0
1.660388469696045,1
-0.2172110229730606,0
-0.20443621277809143,0
-0.2216673493385315,0
-0.20324786007404327,0
1.51869797706604,1
0.05776047706604004,0
0.03432297706604004,0
-0.09067702293395996,0
0.13588547706604004,0
-0.14843589067459106,0
1.395681619644165,0
0.43979936838150024,0
0.219211146235466,0
0.1456817388534546,0
1.6263929605484009,1
0.010637362487614155,0
-0.2064044326543808,0
-0.23855876922607422,0
-0.23855876922607422,0
1.5936000347137451,1
-0.22134186327457428,0
-0.22002191841602325,0
0.09544799476861954,0
-0.13290469348430634,0
-0.2665254473686218,0
1.6520791053771973,0
-0.3828045129776001,0
-0.20838592946529388,0
-0.03396732732653618,0
0.7240009903907776,0
1.0365010499954224,0
0.30733436346054077,0
0.9323343634605408,0
0.4115010201931,0
0.38210195302963257,1
0.6651208400726318,0
1.2311586141586304,0
0.09908311069011688,0
0.5236113667488098,0
1.6519120931625366,1
-0.19880114495754242,0
-0.21724678575992584,0
-0.13731566071510315,0
-0.240611270070076,0
1.425521969795227,0
-0.4930826425552368,0
-0.08610592037439346,0
-0.6093617081642151,0
0.5534289479255676,0
0.015848278999328613,0
0.6408482789993286,0
0.07834827899932861,0
1.3283482789993286,0
0.2033482789993286,0
-0.6464625000953674,0
1.8535374402999878,0
-0.4994036555290222,0
-0.6464625000953674,0
-0.4994036555290222,0
1.6213372945785522,1
-0.15981297194957733,0
-0.06396631896495819,0
-0.1678001880645752,0
-0.18377463519573212,0
1.6137919425964355,1
-0.2444455772638321,0
-0.14866013824939728,0
-0.048085425049066544,0
-0.10076741874217987,0
1.636696696281433,1
-0.22129154205322266,0
-0.13845130801200867,0
-0.14732703566551208,0
-0.1724749654531479,0
1.5946457386016846,1
-0.11421484500169754,0
-0.029826665297150612,0
-0.0720207542181015,0
-0.16695746779441833,0
0.9292407631874084,0
0.3523176610469818,0
1.1215484142303467,0
0.3523176610469818,0
0.1600099503993988,0
0.32800427079200745,0
1.439115285873413,0
0.23541167378425598,0
-0.04236609861254692,0
0.05022649094462395,0
1.611191749572754,1
-0.09842479974031448,0
-0.12356621772050858,0
-0.1911337822675705,0
-0.08428274840116501,0
1.6527796983718872,1
-0.20580056309700012,0
-0.1596854031085968,0
-0.18204426765441895,0
-0.2505182921886444,0
0.26785892248153687,0
0.19093583524227142,0
0.26785892248153687,0
0.1524742990732193,0
1.4217051267623901,0
0.24265208840370178,0
0.7426521182060242,0
0.8676521182060242,0
0.6176521182060242,0
1.0343188047409058,0
1.6126201152801514,1
-0.1707763820886612,0
-0.2356763333082199,0
-0.24108466506004333,0
0.05096510052680969,0
1.6580787897109985,1
-0.18557021021842957,0
-0.203774094581604,0
-0.24321584403514862,0
-0.19972878694534302,0
1.4894193410873413,1
0.013355549424886703,0
0.13968533277511597,0
0.22612151503562927,0
-0.12627211213111877,0
1.4436376094818115,0
0.026970824226737022,0
0.026970824226737022,0
0.15197083353996277,0
0.36030417680740356,0
1.6591380834579468,1
-0.2154208868741989,0
-0.23438702523708344,0
-0.205276221036911,0
-0.18410472571849823,0
1.5808563232421875,1
0.030856197699904442,0
-0.052477139979600906,0
-0.12747713923454285,0
-0.15247714519500732,0
1.6315927505493164,1
-0.27828386425971985,0
-0.12766656279563904,0
-0.14371594786643982,0
-0.11532088369131088,0
1.506089448928833,1
-0.1339106261730194,0
0.1927560418844223,0
0.1394227147102356,0
-0.07391062378883362,0
1.6176033020019531,1
-0.02032756619155407,0
-0.19274134933948517,0
-0.27894824743270874,0
-0.1065344586968422,0
1.6230180263519287,1
-0.13100005686283112,0
-0.04714261740446091,0
-0.20786938071250916,0
-0.2200985848903656,0
0.1246119886636734,0
1.0174691677093506,0
0.3031834065914154,0
0.4817548394203186,0
1.0174691677093506,0
1.6587846279144287,1
-0.20607034862041473,0
-0.21518945693969727,0
-0.19193576276302338,0
-0.22202877700328827,0
1.6021082401275635,1
-0.15760040283203125,0
-0.08478487282991409,0
-0.021678073331713676,0
-0.18429943919181824,0
1.5925456285476685,1
-0.24339178204536438,0
-0.09527981281280518,0
-0.21572251617908478,0
0.08375664055347443,0
1.6513632535934448,1
-0.1804339438676834,0
-0.16603301465511322,0
-0.19195467233657837,0
-0.24811826646327972,0
0.8958894610404968,0
1.0683032274246216,0
0.7234756946563721,0
0.46485504508018494,0
0.7234756946563721,0
1.587091326713562,1
-0.0024757233913987875,0
-0.2239324152469635,0
-0.17471981048583984,0
0.012288056313991547,0
1.562027096748352,1
0.1563667505979538,0
-0.0794823169708252,0
-0.16438797116279602,0
-0.17382194101810455,0
0.8256475925445557,0
0.6072009801864624,0
1.1411815881729126,0
0.6314728260040283,0
0.7042883634567261,0
1.6582213640213013,1
-0.17339909076690674,0
-0.19084611535072327,0
-0.23969778418540955,0
-0.23145009577274323,0
1.6590808629989624,1
-0.2040918618440628,0
-0.20711159706115723,0
-0.2205326110124588,0
-0.20509843528270721,0
1.6585206985473633,1
-0.1759488582611084,0
-0.2205214947462082,0
-0.20784887671470642,0
-0.23100917041301727,0
1.579081416130066,1
-0.11139474809169769,0
-0.1917518973350525,0
0.1118195429444313,0
-0.1664542704820633,0
1.6505403518676758,1
-0.22843047976493835,0
-0.12519031763076782,0
-0.23319540917873383,0
-0.19984090328216553,0
1.4993257522583008,1
-0.015544181689620018,0
-0.08059994131326675,0
-0.08059994131326675,0
0.3004409372806549,0
1.6598196029663086,1
-0.1909724771976471,0
-0.21675215661525726,0
-0.20480547845363617,0
-0.23089954257011414,0
0.2367059290409088,0
0.16037005186080933,0
0.6947211623191833,0
1.267240285873413,0
0.3893776834011078,0
1.614109992980957,1
-0.23506353795528412,0
-0.1627494841814041,0
0.023200925439596176,0
-0.2040718048810959,0
1.6566256284713745,1
-0.22274816036224365,0
-0.21618764102458954,0
-0.16064178943634033,0
-0.2236229032278061,0
1.6562037467956543,1
-0.16840127110481262,0
-0.23905795812606812,0
-0.17567475140094757,0
-0.2400970309972763,0
1.1772663593292236,0
0.12463463097810745,0
-0.2043127417564392,0
0.7167398929595947,0
0.519371509552002,0
-0.9128709435462952,0
1.0315736532211304,0
1.0315736532211304,0
-0.6350931525230408,0
-0.07953757047653198,0
1.6584827899932861,1
-0.23355527222156525,0
-0.20002000033855438,0
-0.1967746615409851,0
-0.20326535403728485,0
0.05297017842531204,0
0.20448534190654755,0
0.280242919921875,0
1.0378186702728271,0
1.0378186702728271,0
-0.07433538138866425,0
1.0923312902450562,0
0.008997957222163677,0
0.09233129024505615,0
1.008997917175293,0
1.6575944423675537,1
-0.19618158042430878,0
-0.23839719593524933,0
-0.1971093863248825,0
-0.19618158042430878,0
0.1855914443731308,0
-0.05831097811460495,0
0.36851826310157776,0
0.5514450669288635,0
1.3238028287887573,0
0.033104803413152695,0
0.9154577255249023,0
1.0625165700912476,0
0.4742812514305115,0
0.4742812514305115,0
0.24227333068847656,0
0.8944472074508667,0
0.4053167998790741,0
0.5683602690696716,0
1.1118385791778564,0
1.1074751615524292,1
0.1779879480600357,0
0.893799901008606,0
0.5626033544540405,0
0.2634580433368683,0
1.1971369981765747,0
0.10739344358444214,0
0.0432908833026886,0
0.8766241669654846,0
0.10739344358444214,0
0.9475619196891785,1
0.2808952331542969,0
0.14994286000728607,0
1.1023237705230713,0
0.41184762120246887,0
1.5077505111694336,1
0.048642776906490326,0
0.10440485924482346,0
0.11369853466749191,0
-0.01641298271715641,0
1.62950599193573,1
-0.16213849186897278,0
-0.09920329600572586,0
-0.14740897715091705,0
-0.2250736802816391,0
1.4375640153884888,1
-0.1260402947664261,0
0.07713992148637772,0
0.4569985866546631,0
-0.1260402947664261,0
1.0461711883544922,0
0.2128378450870514,0
0.3980230391025543,0
0.8609859943389893,0
0.7683933973312378,0
1.1206715106964111,0
0.3630957305431366,0
0.43885329365730286,0
0.8933988213539124,0
0.5903684496879578,0
0.876403272151947,1
0.3841753304004669,0
1.1354706287384033,0
0.578475832939148,0
0.3841753304004669,0
1.6535993814468384,1
-0.22448208928108215,0
-0.15388594567775726,0
-0.20543234050273895,0
-0.2177586555480957,0
0.9916062355041504,1
1.0950545072555542,0
0.1467786282300949,0
0.095054492354393,0
0.21574415266513824,0
1.642980933189392,1
-0.0810391902923584,0
-0.21093891561031342,0
-0.20638103783130646,0
-0.24740199744701385,0
0.0287355687469244,0
0.998123288154602,0
0.07975597679615021,0
1.1001640558242798,0
-0.12432564795017242,0
0.8608835339546204,0
0.8608835339546204,0
0.060883499681949615,0
0.7608835101127625,0
0.7608835101127625,0
1.6564024686813354,1
-0.21962383389472961,0
-0.1670786738395691,0
-0.20156143605709076,0
-0.23276013135910034,0
1.6570922136306763,1
-0.24134661257266998,0
-0.18534797430038452,0
-0.19722647964954376,0
-0.20104455947875977,0
1.6412957906723022,1
-0.2502533197402954,0
-0.07138009369373322,0
-0.20518290996551514,0
-0.21081671118736267,0
0.29199329018592834,0
0.25293079018592834,0
1.3076183795928955,0
0.42871204018592834,0
0.565430760383606,0
1.248514175415039,0
-0.07093025743961334,0
0.27629196643829346,0
0.48462530970573425,0
0.6235142350196838,0
1.5644183158874512,1
-0.16238582134246826,0
-0.11943050473928452,0
0.0781639963388443,0
-0.0077466536313295364,0
1.2196699380874634,0
-0.030330102890729904,0
0.053003232926130295,0
0.8030032515525818,0
0.3030032515525818,0
1.2719757556915283,0
-0.5137385725975037,0
-2.6565957069396973,0
-1.5851671695709229,0
0.5576900243759155,0
0.5518163442611694,1
1.2135810852050781,0
0.6988751888275146,0
0.0861300677061081,0
0.06162026524543762,0
1.64827299118042,1
-0.12080848962068558,0
-0.2070525586605072,0
-0.2501746118068695,0
-0.19411595165729523,0
1.6559360027313232,1
-0.17908094823360443,0
-0.1838909387588501,0
-0.1923084557056427,0
-0.26686352491378784,0
0.7739999890327454,0
1.1456215381622314,0
0.7064324021339417,0
0.3010270595550537,0
0.36859461665153503,0
0.6809359788894653,0
0.7075316905975342,0
1.0000848770141602,0
0.9734891653060913,0
0.38838279247283936,0
0.5379577279090881,0
0.14322087168693542,0
1.327431321144104,0
0.40637877583503723,0
0.011641916818916798,0
0.8602164387702942,0
0.3046609163284302,0
0.3046609163284302,0
0.10624824464321136,0
1.177676796913147,0
1.658834457397461,1
-0.19712257385253906,0
-0.21372413635253906,0
-0.22202491760253906,0
-0.20249366760253906,0
0.922272801399231,0
0.2523382008075714,0
1.0856715440750122,0
0.3830571472644806,0
0.595475435256958,0
1.6140490770339966,1
-0.22321158647537231,0
0.014883648604154587,0
-0.13484634459018707,0
-0.23425723612308502,0
0.6373977661132812,0
0.2283068597316742,0
0.18285231292247772,0
1.319216012954712,0
0.13739776611328125,0
0.713995635509491,0
0.461470365524292,0
1.2442985773086548,0
0.2847026586532593,0
0.3099552094936371,0
1.3812073469161987,0
0.6119765639305115,0
-0.06110035628080368,0
-0.1572542041540146,0
-0.4457157552242279,0
1.077396035194397,0
0.577396035194397,0
-1.422603964805603,0
0.327396035194397,0
-1.422603964805603,0
0.8961697220802307,0
1.1914453506469727,0
-0.06839722394943237,0
0.06939805299043655,0
-0.08808226138353348,0
0.7695134282112122,0
0.9131916165351868,0
0.6545709371566772,0
0.6833065748214722,0
1.0856053829193115,0
0.9994180798530579,0
1.071533441543579,0
0.061917994171381,0
0.2782641649246216,0
0.2542257010936737,0
1.6544958353042603,1
-0.2059217095375061,0
-0.18033841252326965,0
-0.18954838812351227,0
-0.22945834696292877,0
1.5068851709365845,1
0.12390638887882233,0
-0.07556169480085373,0
0.17044894397258759,0
-0.02901914343237877,0
-0.2805500030517578,0
1.386116623878479,0
-0.2805500030517578,0
0.1361166387796402,0
0.5527833104133606,0
0.5352554321289062,0
0.22275549173355103,0
0.7956721186637878,0
1.1602554321289062,0
0.5352554321289062,0
1.6543635129928589,1
-0.1977677196264267,0
-0.20861268043518066,0
-0.24822038412094116,0
-0.15485937893390656,0
0.19173678755760193,0
1.2681256532669067,0
0.6084034442901611,0
0.5389590263366699,0
0.22645901143550873,0
0.6777061223983765,0
0.8165950179100037,0
1.0943727493286133,0
0.7702987194061279,0
0.8628913164138794,0
1.1757285594940186,0
0.5722803473472595,0
0.39986658096313477,0
0.7446941137313843,0
0.6584872603416443,0
0.5750056505203247,0
0.3185954689979553,0
1.1519286632537842,0
0.5109031200408936,0
0.8314158916473389,0
0.8238725066184998,0
0.7871078252792358,0
0.5787744522094727,0
0.6645587682723999,0
1.1179901361465454,0
1.5625860691070557,1
0.07081656157970428,0
0.03480833023786545,0
-0.15552090108394623,0
-0.17095299065113068,0
1.0816154479980469,0
0.5212706923484802,0
0.39196035265922546,0
0.9523051381111145,0
0.5643741488456726,0
0.06199082359671593,0
0.29847729206085205,0
1.4809097051620483,0
-0.10692808777093887,0
0.028207043185830116,0
1.6399818658828735,1
-0.2294038087129593,0
-0.13777606189250946,0
-0.09555543959140778,0
-0.2662345767021179,0
0.13630682229995728,0
0.5113068222999573,0
0.19880682229995728,0
0.9488068222999573,0
1.0738067626953125,0
1.658449649810791,1
-0.21977390348911285,0
-0.17918172478675842,0
-0.1987614780664444,0
-0.23744343221187592,0
1.6297041177749634,1
-0.1435249149799347,0
-0.23667119443416595,0
-0.08602721989154816,0
-0.1757236272096634,0
1.1036587953567505,0
0.31598761677742004,0
0.9666724801063538,0
0.14475472271442413,0
0.11050815135240555,0
2.315889596939087,1
-5.184110641479492,0
-7.684110641479492,0
-10.184110641479492,0
-0.18411040306091309,0
1.599083662033081,1
-0.16843219101428986,0
-0.1604704111814499,0
-0.009196518920361996,0
-0.08881435543298721,0
0.8807222247123718,0
1.0567785501480103,0
0.5990320444107056,0
0.7398771643638611,0
0.3173419237136841,0
0.36358919739723206,0
0.5085167288780212,0
1.2693861722946167,0
0.47228482365608215,0
0.5809804201126099,0
1.6247316598892212,1
-0.08258547633886337,0
-0.07387467473745346,0
-0.1784042865037918,0
-0.3177771270275116,0
1.595063328742981,1
0.06596153229475021,0
-0.20247800648212433,0
-0.24638167023658752,0
-0.090837262570858,0
1.009454607963562,0
0.8399630784988403,0
0.9247088432312012,0
0.6704715490341187,0
0.45860710740089417,0
0.22702519595623016,0
0.27166804671287537,0
0.8966681361198425,0
1.1645252704620361,0
0.22702519595623016,0
0.9937092661857605,1
0.49619683623313904,0
0.384256511926651,0
0.5086346864700317,0
1.0558983087539673,0
1.649919033050537,1
-0.16395847499370575,0
-0.15448878705501556,0
-0.20872431993484497,0
-0.25262928009033203,0
0.4578099250793457,0
0.1453099399805069,0
0.5359349250793457,0
1.3171849250793457,0
0.1453099399805069,0
-0.07079051434993744,0
1.1196856498718262,0
-0.18983814120292664,0
-0.18983814120292664,0
1.0006381273269653,0
1.6125437021255493,1
-0.24881872534751892,0
-0.10911674797534943,0
-0.14370961487293243,0
-0.035939525812864304,0
1.6592408418655396,1
-0.218252032995224,0
-0.22347520291805267,0
-0.21350368857383728,0
-0.18406400084495544,0
0.0810871571302414,0
1.504698395729065,0
-0.1272461861371994,0
-0.1272461861371994,0
0.2546982765197754,0
0.1910463273525238,0
0.5633867383003235,0
0.13785484433174133,0
1.2548761367797852,0
0.6165782809257507,0
0.5661752820014954,0
0.7050641775131226,0
0.4272863566875458,0
0.8439530730247498,0
1.1217308044433594,0
0.6938138008117676,0
0.6938138008117676,0
0.4438137710094452,0
1.1938138008117676,0
0.4438137710094452,0
1.6256029605865479,1
-0.24089576303958893,0
-0.10991339385509491,0
-0.18925848603248596,0
-0.07968669384717941,0
1.5997569561004639,1
-0.14815381169319153,0
-0.24216493964195251,0
-0.14119002223014832,0
0.04857320711016655,0
0.6240749955177307,0
0.9929273724555969,0
1.0339109897613525,0
0.5625995397567749,0
0.7060421705245972,0
0.264887273311615,0
0.014887265861034393,0
1.5148873329162598,0
-0.1636841744184494,0
-0.127969890832901,0
0.6275098323822021,0
0.7062500715255737,0
1.0999507904052734,0
0.4109744131565094,0
0.8637303709983826,0
0.18317429721355438,0
0.18317429721355438,0
0.3754819631576538,0
0.24727685749530792,0
1.4011229276657104,0
-0.44054198265075684,0
0.11501356214284897,0
-0.16276420652866364,0
-0.16276420652866364,0
1.5964949131011963,0
0.8681890368461609,0
0.6469501256942749,0
0.5584545731544495,0
0.9788085222244263,0
0.9788085222244263,0
1.4948371648788452,1
-0.11141281574964523,0
0.1760871857404709,0
-0.017662812024354935,0
0.1823371946811676,0
0.23454789817333221,0
1.0037786960601807,0
0.0422402061522007,0
1.0037786960601807,0
0.5230094194412231,0
1.6609708070755005,1
-0.19818828999996185,0
-0.2087489664554596,0
-0.2303503453731537,0
-0.21402929723262787,0
1.638799786567688,1
-0.1688237339258194,0
-0.21200419962406158,0
-0.16286779940128326,0
-0.14797799289226532,0
0.7619261741638184,0
0.8935051560401917,0
0.7619261741638184,0
-0.15912649035453796,0
0.6303472518920898,0
1.471476435661316,1
0.14096799492835999,0
-0.08784555643796921,0
-0.020048949867486954,0
0.3019849359989166,0
1.6366761922836304,1
-0.19992677867412567,0
-0.16766038537025452,0
-0.1095808744430542,0
-0.20508939027786255,0
0.8328614830970764,0
0.1575741320848465,0
0.11447067558765411,0
0.1575741320848465,0
1.220792531967163,0
0.05429422855377197,0
-0.11237244307994843,0
1.3876276016235352,0
0.05429422855377197,0
0.554294228553772,0
0.2509479522705078,0
1.2926146984100342,0
0.2092812955379486,0
0.2926146388053894,0
0.6676146388053894,0
1.6573469638824463,1
-0.20950141549110413,0
-0.19538812339305878,0
-0.20025476813316345,0
-0.21923471987247467,0
1.6518151760101318,1
-0.23373650014400482,0
-0.10515384376049042,0
-0.22490257024765015,0
-0.24060732126235962,0
0.7880799770355225,0
-1.2119200229644775,0
-1.4619200229644775,0
1.2880799770355225,0
-0.46192002296447754,0
-0.056491754949092865,0
0.09975824505090714,0
1.0372581481933594,0
1.0372581481933594,0
0.25600823760032654,0
1.5303131341934204,1
0.23972870409488678,0
-0.10118038952350616,0
-0.14988169074058533,0
-0.06871285289525986,0
0.9947340488433838,0
0.9947340488433838,0
0.6243637204170227,0
0.6552278995513916,0
0.8404130935668945,0
-0.19495868682861328,0
-0.13940313458442688,0
0.02726353518664837,0
-0.02829202078282833,0
1.5828191041946411,0
0.4664458930492401,0
0.679860532283783,0
1.1066898107528687,0
0.5274215340614319,0
0.8932752013206482,0
0.04312337934970856,0
-0.06325960159301758,0
0.25588932633399963,0
0.36227232217788696,0
1.4261020421981812,0
1.6510498523712158,1
-0.25215843319892883,0
-0.12573102116584778,0
-0.23176690936088562,0
-0.18418671190738678,0
0.9720852971076965,0
0.0981016457080841,0
1.1143617630004883,0
0.19972765445709229,0
0.05745123699307442,0
0.13113674521446228,0
1.4734185934066772,0
0.21502935886383057,0
0.09757969528436661,0
0.047244127839803696,0
1.6588480472564697,1
-0.20001599192619324,0
-0.18280430138111115,0
-0.23874233663082123,0
-0.21615196764469147,0
1.6041911840438843,1
-0.23938430845737457,0
-0.16955189406871796,0
-0.06480329483747482,0
-0.0159206073731184,0
1.661209225654602,1
-0.19871732592582703,0
-0.21313536167144775,0
-0.22973795235157013,0
-0.2113877236843109,0
0.12242510914802551,0
0.9036750793457031,0
0.12242510914802551,0
0.3958626091480255,0
1.1380500793457031,0
0.9021252989768982,0
0.5663043856620789,0
0.640931248664856,0
1.0886924266815186,0
0.34242379665374756,0
0.8106083273887634,0
0.33441784977912903,0
1.0487035512924194,0
0.6915607452392578,0
0.8106083273887634,0
1.4209671020507812,0
-0.17278283834457397,0
-0.17278283834457397,0
0.045967161655426025,0
0.514717161655426,0
1.1314445734024048,0
0.6626945734024048,0
0.8189445734024048,0
0.5957303047180176,0
0.7519803047180176,0
0.8212451338768005,0
1.077269196510315,0
0.8664258122444153,0
0.5200403332710266,0
0.5501607656478882,0
0.023321107029914856,0
0.18461143970489502,0
-0.37990471720695496,0
-0.2992595434188843,0
1.5555791854858398,0
0.19730503857135773,0
0.0502462200820446,0
-0.09681259095668793,0
-0.09681259095668793,0
1.5208344459533691,0
1.5707378387451172,1
-0.1320181041955948,0
-0.12217558920383453,0
0.0549897626042366,0
-0.033592913299798965,0
1.658305287361145,1
-0.1822061687707901,0
-0.22819091379642487,0
-0.20015142858028412,0
-0.22258302569389343,0
0.46796923875808716,0
1.149787425994873,0
0.8251121044158936,0
0.25693026185035706,0
0.5816056132316589,0
0.1086074560880661,0
-0.19627059996128082,0
-0.07431937754154205,0
1.5720220804214478,0
-0.13529498875141144,0
1.4673715829849243,1
-0.10857782512903214,0
-0.14655251801013947,0
-0.17819808423519135,0
0.44838422536849976,0
0.912708580493927,0
0.26754727959632874,0
0.2272246927022934,0
1.0739989280700684,0
0.6304505467414856,0
1.0302233695983887,0
0.0927233099937439,0
0.7524455785751343,0
0.5093899965286255,0
0.8218899965286255,0
0.06310731917619705,0
0.06310731917619705,0
1.5176527500152588,0
-0.07325632125139236,0
0.10856186598539352,0
0.8956969976425171,1
0.6340690851211548,0
0.1689527928829193,0
0.1689527928829193,0
1.070115566253662,0
-1.7747548818588257,0
0.7252451181411743,0
1.2252451181411743,0
-0.2747548818588257,0
-1.2747548818588257,0
1.6509698629379272,1
-0.16594289243221283,0
-0.14799314737319946,0
-0.2666608691215515,0
-0.21081724762916565,0
1.654592514038086,1
-0.16457462310791016,0
-0.1895095854997635,0
-0.2556414008140564,0
-0.20143498480319977,0
0.3310723602771759,0
0.21743600070476532,0
0.3310723602771759,0
0.4447087347507477,0
1.35379958152771,0
0.18949653208255768,0
0.06654570996761322,0
0.5788407921791077,0
0.06654570996761322,0
1.3575292825698853,0
0.5035062432289124,0
0.5897131562232971,0
0.15867869555950165,0
1.106954574584961,0
0.8483338356018066,0
1.5747981071472168,1
-0.0951622948050499,0
-0.15445083379745483,0
0.05305904522538185,0
-0.06551802903413773,0
1.658428430557251,1
-0.21865269541740417,0
-0.1779571771621704,0
-0.21449065208435059,0
-0.22281473875045776,0
1.659915566444397,1
-0.2050422728061676,0
-0.19768302142620087,0
-0.2271200269460678,0
-0.21362806856632233,0
1.6555591821670532,1
-0.22513629496097565,0
-0.15260514616966248,0
-0.2074684500694275,0
-0.23211044073104858,0
0.5144637823104858,0
0.8495153784751892,0
1.0557008981704712,0
0.8752885460853577,0
0.5402369499206543,0
-0.19107435643672943,0
0.34463992714881897,0
0.34463992714881897,0
0.43392565846443176,0
1.3267828226089478,0
1.6510180234909058,1
-0.25356218218803406,0
-0.19758252799510956,0
-0.11997438222169876,0
-0.22302782535552979,0
1.568785548210144,1
-0.05863829329609871,0
-0.10018953680992126,0
0.09371628612279892,0
-0.19021724164485931,0
-0.032674163579940796,0
-0.01664852350950241,0
1.2013001441955566,0
0.0795053169131279,0
0.8807873129844666,0
1.6148772239685059,1
-0.07281512767076492,0
-0.17435358464717865,0
-0.26358434557914734,0
-0.05281512811779976,0
1.660776972770691,1
-0.1901465803384781,0
-0.22048959136009216,0
-0.21257402002811432,0
-0.2270859032869339,0
0.523223340511322,0
0.8232232928276062,0
0.9232233166694641,0
0.9732233285903931,0
0.8732233047485352,0
1.6536107063293457,1
-0.2163243591785431,0
-0.25481706857681274,0
-0.13326115906238556,0
-0.20518173277378082,0
0.8543775677680969,1
1.0315428972244263,0
0.48036184906959534,0
0.5000469088554382,0
0.8937476873397827,0
0.5807733535766602,0
0.8424012064933777,0
0.6098430752754211,0
0.8714709877967834,0
1.074959397315979,0
1.6547714471817017,1
-0.24003717303276062,0
-0.14850711822509766,0
-0.20998252928256989,0
-0.21408088505268097,0
1.45119047164917,1
0.3349544107913971,0
-0.03404926881194115,0
0.14122748374938965,0
0.07665183395147324,0
-0.10397005081176758,0
-0.10397005081176758,0
1.6460299491882324,0
-0.6039700508117676,0
-1.3539700508117676,0
0.6970940232276917,1
0.205290749669075,0
0.3692251741886139,0
1.270864486694336,0
0.205290749669075,0
1.647167444229126,1
-0.19373299181461334,0
-0.22330185770988464,0
-0.23093253374099731,0
-0.11551857739686966,0
1.660171389579773,1
-0.23160597681999207,0
-0.2097790241241455,0
-0.21759763360023499,0
-0.18730053305625916,0
1.5777003765106201,1
0.08820328116416931,0
-0.2061951905488968,0
-0.16482026875019073,0
-0.05501759797334671,0
1.6196036338806152,1
-0.06203790754079819,0
-0.21502479910850525,0
-0.2210957109928131,0
-0.08632154017686844,0
0.44297298789024353,0
0.44297298789024353,0
0.6849084496498108,0
1.0074890851974487,0
1.0074890851974487,0
0.34160980582237244,0
0.7726442813873291,0
0.5140236020088196,0
0.4278167188167572,0
1.2036787271499634,0
1.6602002382278442,1
-0.23051530122756958,0
-0.2054581493139267,0
-0.1935889720916748,0
-0.2164481282234192,0
0.8385661840438843,0
0.5773720741271973,0
0.6519989967346191,0
0.24155116081237793,0
1.0997601747512817,0
1.2714488506317139,1
0.00095703563420102,0
0.04194064065814018,0
-0.16297738254070282,0
0.779645562171936,0
0.9279650449752808,0
1.1605231761932373,0
0.07525185495615005,0
0.07525185495615005,0
-0.060407061129808426,0
1.0664113759994507,0
0.7732014656066895,0
0.38739901781082153,0
0.7114731073379517,0
0.834929883480072,0
1.655386209487915,1
-0.23244363069534302,0
-0.15790796279907227,0
-0.2666567265987396,0
-0.16646122932434082,0
-0.03481528162956238,0
-0.10834468901157379,0
0.038714125752449036,0
0.6269493699073792,0
1.362243413925171,0
0.3908790946006775,0
0.6765934228897095,0
1.1765934228897095,0
0.7480219602584839,0
0.3908790946006775,0
0.4259692430496216,0
1.2782419919967651,0
0.5964238047599792,0
0.3123328685760498,0
-0.02857619896531105,0
1.6081359386444092,1
-0.24277685582637787,0
-0.060221072286367416,0
-0.1616409569978714,0
-0.045008089393377304,0
0.18075403571128845,0
-0.15257930755615234,0
1.014087438583374,0
0.6807540655136108,0
0.8474206924438477,0
1.0080217123031616,0
0.9118677973747253,0
0.8157139420509338,0
0.6234062910079956,0
0.9118677973747253,0
1.6437902450561523,1
-0.18467018008232117,0
-0.2120799571275711,0
-0.2406318038702011,0
-0.10472499579191208,0
1.6475543975830078,1
-0.19695787131786346,0
-0.14904846251010895,0
-0.1642923653125763,0
-0.25248923897743225,0
1.638974666595459,1
-0.06712281703948975,0
-0.2207813560962677,0
-0.20980574190616608,0
-0.2207813560962677,0
1.6000339984893799,1
-0.09148357063531876,0
-0.06994613260030746,0
-0.22402167320251465,0
-0.05172213912010193,0
0.8553444147109985,0
-0.15342754125595093,0
0.15359000861644745,0
1.206221580505371,0
-0.021848594769835472,0
1.6340837478637695,1
-0.17571277916431427,0
-0.06120895594358444,0
-0.24250666797161102,0
-0.20592905580997467,0
0.1620827317237854,0
0.1985790878534317,0
0.8555134534835815,0
0.6912798285484314,0
1.0744915008544922,0
0.507463276386261,0
-0.2217033952474594,0
0.924129843711853,0
0.09079659730195999,0
1.0282964706420898,0
1.6540241241455078,1
-0.21665892004966736,0
-0.22337420284748077,0
-0.17157067358493805,0
-0.1907571703195572,0
0.19800561666488647,0
1.0088163614273071,0
0.8061136603355408,0
0.8736812472343445,0
0.40070831775665283,0
1.4271187782287598,1
-0.07902880012989044,0
0.5152335166931152,0
-0.05853699892759323,0
-0.12001240998506546,0
0.5563112497329712,1
0.8063112497329712,0
0.9313112497329712,0
0.18131127953529358,0
0.9313112497329712,0
1.5231317281723022,1
0.18549330532550812,0
0.09324239194393158,0
-0.1235472708940506,0
-0.17889782786369324,0
0.3685222268104553,0
0.9240778088569641,0
0.6463000178337097,0
-0.18703335523605347,0
0.9240778088569641,0
0.17246422171592712,0
-0.024904202669858932,0
0.5672010779380798,0
1.3566747903823853,0
0.17246422171592712,0
0.21042189002037048,1
1.0854219198226929,0
0.9604219198226929,0
0.4604218900203705,0
0.21042189002037048,0
1.657873511314392,1
-0.20533403754234314,0
-0.2385673224925995,0
-0.21069425344467163,0
-0.1763889342546463,0
1.6450839042663574,1
-0.17039228975772858,0
-0.18292361497879028,0
-0.23148252069950104,0
-0.15472812950611115,0
1.628807783126831,1
-0.27124354243278503,0
-0.06954777240753174,0
-0.15176770091056824,0
-0.15819114446640015,0
1.657234787940979,1
-0.21372386813163757,0
-0.23702169954776764,0
-0.18947510421276093,0
-0.1856713742017746,0
0.37435176968574524,0
1.2125869989395142,0
0.7125870585441589,0
0.2419988363981247,0
0.5802341103553772,0
1.6437264680862427,1
-0.1418648213148117,0
-0.22976554930210114,0
-0.2357979416847229,0
-0.13238532841205597,0
0.7295648455619812,0
0.36289817094802856,0
0.4962315261363983,0
1.229564905166626,0
0.3295648396015167,0
1.650579571723938,1
-0.2300383299589157,0
-0.15279114246368408,0
-0.24267879128456116,0
-0.15981361269950867,0
-0.3869709372520447,0
-0.053637586534023285,0
-0.13697092235088348,0
1.6130292415618896,0
-0.053637586534023285,0
1.6554194688796997,1
-0.23943841457366943,0
-0.21958056092262268,0
-0.19658724963665009,0
-0.16000697016716003,0
1.6383148431777954,1
-0.15124914050102234,0
-0.2602643370628357,0
-0.23209185898303986,0
-0.07653086632490158,0
0.26001617312431335,0
1.3537662029266357,0
-0.5212337970733643,0
0.10376617312431335,0
0.41626617312431335,0
1.6587107181549072,1
-0.22909188270568848,0
-0.2030211240053177,0
-0.19510677456855774,0
-0.20767660439014435,0
1.65822434425354,1
-0.2092399150133133,0
-0.21746060252189636,0
-0.20512957870960236,0
-0.19873571395874023,0
0.8681187033653259,0
0.7014520168304443,0
0.8681187033653259,0
-0.048547983169555664,0
0.7014520168304443,0
0.05583886802196503,0
0.8764495253562927,0
0.09400680661201477,0
-0.0014130395138636231,0
1.200877070426941,0
0.6379137635231018,0
0.3948582112789154,0
0.429580420255661,0
0.6379137635231018,0
1.228191614151001,0
1.6367779970169067,1
-0.18456055223941803,0
-0.21296964585781097,0
-0.2113913595676422,0
-0.08355044573545456,0
0.5980936288833618,0
1.288883090019226,0
0.433619886636734,0
0.36783039569854736,0
0.20335671305656433,0
1.6597830057144165,1
-0.19234098494052887,0
-0.21712982654571533,0
-0.2122332602739334,0
-0.22080224752426147,0
0.6361233592033386,0
1.2293436527252197,0
0.3818860352039337,0
0.6361233592033386,0
0.42425891757011414,0
1.6150044202804565,1
-0.18460017442703247,0
-0.16317631304264069,0
-0.19613610208034515,0
-0.009913284331560135,0
1.5941106081008911,1
0.005127454176545143,0
-0.22262679040431976,0
-0.10080475360155106,0
-0.09021153301000595,0
1.6611802577972412,1
-0.20234709978103638,0
-0.2170441597700119,0
-0.22124332189559937,0
-0.2116452306509018,0
-0.027429156005382538,0
1.3362072706222534,0
0.5028738975524902,0
0.4271163046360016,0
-0.027429156005382538,0
1.6008567810058594,1
-0.1032448559999466,0
-0.0739479809999466,0
-0.030002668499946594,0
-0.2546120285987854,0
0.9330846667289734,0
0.7058119773864746,0
0.9330846667289734,0
0.9330846667289734,0
0.47853922843933105,0
1.6599152088165283,1
-0.1880643665790558,0
-0.23173826932907104,0
-0.22600330412387848,0
-0.19909313321113586,0
0.9470825791358948,0
0.5523456931114197,0
0.35497725009918213,0
1.078661561012268,0
0.5523456931114197,0
1.6098263263702393,1
-0.02337823249399662,0
-0.2531079649925232,0
-0.19905389845371246,0
-0.06391876935958862,0
1.6455082893371582,1
-0.20824676752090454,0
-0.17860250174999237,0
-0.22405704855918884,0
-0.13413609564304352,0
0.9534780979156494,0
-0.09490901976823807,0
0.7921877503395081,0
0.4696071445941925,0
0.7921877503395081,0
1.375316858291626,0
0.5159417986869812,0
0.1253167986869812,0
0.2034417986869812,0
-0.1090582087635994,0
0.1495969295501709,0
1.232930302619934,0
0.0662636011838913,0
0.1495969295501709,0
0.8162636160850525,0
0.05948534607887268,0
0.5411367416381836,0
-0.10106511414051056,0
0.08242112398147583,0
1.3897604942321777,0
1.360540747642517,0
0.11054068803787231,0
0.4676835536956787,0
0.3783978521823883,0
0.11054068803787231,0
1.6538900136947632,1
-0.2205689698457718,0
-0.21948671340942383,0
-0.15563389658927917,0
-0.20758195221424103,0
-0.02279149927198887,0
0.2358291745185852,0
-0.19520528614521027,0
-0.1089983880519867,0
1.5289325714111328,0
1.6469080448150635,1
-0.21728087961673737,0
-0.10975399613380432,0
-0.2523439824581146,0
-0.18689285218715668,0
1.1632064580917358,0
0.24653975665569305,0
-0.17012691497802734,0
0.49653977155685425,0
0.7465397715568542,0
0.7097076177597046,0
0.3292728066444397,0
0.8727511167526245,0
1.0901424884796143,0
0.38362064957618713,0
0.1761416643857956,0
0.9098373651504517,0
1.0185329914093018,0
0.7196199893951416,0
0.4750547409057617,0
0.35536181926727295,0
0.45740264654159546,0
0.8995795249938965,0
0.44039586186408997,0
1.1376748085021973,0
1.6224607229232788,1
-0.2149590104818344,0
-0.03982766717672348,0
-0.22809386253356934,0
-0.1259339153766632,0
1.6599169969558716,1
-0.2321774810552597,0
-0.19939367473125458,0
-0.2139122188091278,0
-0.19845698773860931,0
0.9963697195053101,0
0.5201792120933533,0
0.6987506151199341,0
0.04398868605494499,0
0.8773220777511597,0
1.6529277563095093,1
-0.17017163336277008,0
-0.21256929636001587,0
-0.20672135055065155,0
-0.2037973701953888,0
1.637962818145752,1
-0.21990641951560974,0
-0.21216990053653717,0
-0.05743956193327904,0
-0.22653771936893463,0
1.655523419380188,1
-0.1810833215713501,0
-0.19361987709999084,0
-0.24898971617221832,0
-0.19153045117855072,0
0.7200310826301575,0
0.5252258777618408,0
1.1745765209197998,0
0.7200310826301575,0
0.5901609063148499,0
1.1748133897781372,0
0.6087757349014282,0
0.7502851486206055,0
0.1842474341392517,0
0.13707762956619263,0
0.5642341375350952,0
1.2842341661453247,0
0.4642341136932373,0
0.44423410296440125,0
0.3642341196537018,0
1.6127419471740723,1
-0.25959843397140503,0
0.07018880546092987,0
-0.18513034284114838,0
-0.24896012246608734,0
0.5400047898292542,1
0.7251899242401123,0
1.0029677152633667,0
0.7251899242401123,0
1.0029677152633667,0
-0.6624411940574646,0
-0.6624411940574646,0
0.10678961127996445,0
-0.18167193233966827,0
1.6452510356903076,0
1.660328984260559,1
-0.20277348160743713,0
-0.214924156665802,0
-0.22099947929382324,0
-0.20732998847961426,0
1.1550997495651245,0
0.3217664659023285,0
0.4606553614139557,0
0.3217664659023285,0
0.8773220181465149,0
1.6549423933029175,1
-0.2370406538248062,0
-0.17874425649642944,0
-0.21536017954349518,0
-0.17922604084014893,0
0.9658170938491821,0
0.2049475759267807,0
0.9658170938491821,0
0.4223388731479645,0
0.7484258413314819,0
0.32022735476493835,0
1.120227336883545,0
0.7702273726463318,0
0.7702273726463318,0
0.3702273666858673,0
0.07701005786657333,0
0.5457600355148315,0
1.327010154724121,0
0.38951006531715393,0
-0.07923994213342667,0
0.39385366439819336,0
0.28968700766563416,0
0.08135367929935455,0
0.9146869778633118,0
1.1230202913284302,0
-0.0372646227478981,0
0.8669907450675964,0
1.1329481601715088,0
0.38826730847358704,0
0.33507582545280457,0
1.0954152345657349,1
0.5184922218322754,0
0.9031075835227966,0
0.5184922218322754,0
0.7107998728752136,0
1.4436827898025513,0
-0.19093266129493713,0
0.1936827301979065,0
-0.19093266129493713,0
0.3859904110431671,0
1.1214388608932495,0
0.41631072759628296,0
0.4804132878780365,0
0.6727209687232971,0
0.8650286197662354,0
0.5777854919433594,0
0.10903548449277878,0
1.0465354919433594,0
0.5777854919433594,0
0.8902854919433594,0
1.2017114162445068,0
0.39525967836380005,0
0.6371951699256897,0
0.39525967836380005,0
0.7178403735160828,0
0.6988722085952759,0
0.5473570823669434,0
0.9261449575424194,0
0.6988722085952759,0
1.077660083770752,0
1.6480412483215332,1
-0.23422616720199585,0
-0.1724529266357422,0
-0.15065059065818787,0
-0.20515640079975128,0
0.13022316992282867,0
0.865517258644104,0
0.7184584140777588,0
1.0125761032104492,0
-0.016835646703839302,0
0.552196741104126,0
0.43314915895462036,0
0.552196741104126,0
0.19505392014980316,0
1.2664824724197388,0
1.6612457036972046,1
-0.22577349841594696,0
-0.18671099841594696,0
-0.2377927303314209,0
-0.20473985373973846,0
1.1991111040115356,0
0.42530152201652527,0
0.24673008918762207,0
0.00863484013825655,0
0.782444417476654,0
0.01803719624876976,0
0.7789067625999451,0
0.3441241681575775,0
1.1049937009811401,0
0.670211136341095,0
1.4342206716537476,0
0.3472641408443451,0
0.021177168935537338,0
-0.19621413946151733,0
0.2385684847831726,0
1.2675585746765137,0
0.3416326642036438,0
0.7120029926300049,0
0.15644748508930206,0
0.0638548955321312,0
-1.156847596168518,0
-0.10421602427959442,0
1.737889289855957,0
-1.0252686738967896,0
-0.23579497635364532,0
0.8987927436828613,0
0.43004274368286133,0
0.27379274368286133,0
1.1331677436828613,0
0.11754274368286133,0
0.17730186879634857,0
0.4212043285369873,0
0.23827748000621796,0
0.7870579957962036,0
1.213887333869934,0
0.2168794572353363,0
-0.06089833378791809,0
0.2168794572353363,0
1.4668794870376587,0
0.0779905617237091,0
1.6557989120483398,1
-0.2189299315214157,0
-0.23086051642894745,0
-0.1614461988210678,0
-0.20591475069522858,0
0.016141004860401154,1
0.15502989292144775,0
0.7105854749679565,0
1.1966965198516846,0
0.5716965794563293,0
0.45724308490753174,0
0.6134930849075317,0
0.30099308490753174,0
0.9259930849075317,0
1.0822430849075317,0
1.6588857173919678,1
-0.23224613070487976,0
-0.2147313803434372,0
-0.22302784025669098,0
-0.16910085082054138,0
0.7166714668273926,0
-0.2357095330953598,0
-0.1166619062423706,0
1.1928620338439941,0
0.4785762131214142,0
1.6102453470230103,1
-0.010470008477568626,0
-0.20793648064136505,0
-0.12596926093101501,0
-0.17440444231033325,0
0.3928748071193695,0
0.6348103284835815,0
0.07029414921998978,0
0.6348103284835815,0
1.1993263959884644,0
0.21023118495941162,1
0.7102311849594116,0
0.5435645580291748,0
0.04356452077627182,0
1.2102311849594116,0
1.6584347486495972,1
-0.20729143917560577,0
-0.23843266069889069,0
-0.20179592072963715,0
-0.1866832673549652,0
1.0975961685180664,0
0.9693909883499146,0
0.13605770468711853,0
0.32836538553237915,0
0.2642628252506256,0
0.2255827784538269,0
0.6885457038879395,0
1.1515086889266968,0
0.595953106880188,0
0.6885457038879395,0
1.0181325674057007,0
0.8007412552833557,0
0.36595866084098816,0
0.8007412552833557,0
0.0398717001080513,0
1.6416802406311035,1
-0.1567266583442688,0
-0.14447174966335297,0
-0.24251097440719604,0
-0.17510899901390076,0
0.3389423191547394,0
0.4705212712287903,0
0.3389423191547394,0
1.2599951028823853,0
0.6678897142410278,0
0.7622708082199097,0
1.1001086235046387,0
0.289297878742218,0
0.15416273474693298,0
0.7622708082199097,0
0.05162091925740242,0
0.8410946130752563,0
0.7095156311988831,0
0.8410946130752563,0
0.8410946130752563,0
0.6799055337905884,0
0.7493499517440796,0
0.4715721607208252,0
1.027127742767334,0
0.9576833248138428,0
0.9083149433135986,0
0.834785521030426,0
0.614197313785553,0
0.9818443059921265,0
0.32007965445518494,0
1.6496398448944092,1
-0.16092702746391296,0
-0.22536002099514008,0
-0.17059198021888733,0
-0.2156950682401657,0
0.32289472222328186,0
0.8130907416343689,0
0.7640712261199951,0
0.7150515913963318,0
1.058188796043396,0
0.518187940120697,0
0.08961650729179382,0
0.16104507446289062,0
1.303902268409729,0
0.518187940120697,0
1.6055198907852173,1
0.005128704011440277,0
-0.17414118349552155,0
-0.11547104269266129,0
-0.20673571527004242,0
1.3898707628250122,0
0.5278017520904541,0
0.09676726907491684,0
0.09676726907491684,0
-0.07564651221036911,0
-0.1274414360523224,0
0.4370747208595276,0
0.11449407041072845,0
1.2435263395309448,0
0.6790102124214172,0
1.3876276016235352,0
0.3876275420188904,0
0.3876275420188904,0
-0.11237245798110962,0
-0.11237245798110962,0
1.6534371376037598,1
-0.22441411018371582,0
-0.2368570864200592,0
-0.20989732444286346,0
-0.134721040725708,0
0.1483280211687088,0
0.2872169017791748,0
-0.3377831280231476,0
0.00943912472575903,0
1.4677724838256836,0
0.8138843774795532,0
-0.5750045776367188,0
-0.713893473148346,0
1.23055100440979,0
-0.01944899559020996,0
1.651991844177246,1
-0.219374418258667,0
-0.117630235850811,0
-0.21574069559574127,0
-0.24844418466091156,0
1.0798670053482056,0
1.0798670053482056,0
-0.5867995619773865,0
-1.003466248512268,0
-0.5867995619773865,0
0.21901080012321472,0
0.3151646554470062,0
0.9882415533065796,0
0.12285695970058441,0
1.084395408630371,0
1.292215347290039,0
0.2922152876853943,0
0.4797152876853943,0
0.5422152876853943,0
0.4172152876853943,0
1.168272852897644,0
0.7516061067581177,0
0.19605058431625366,0
0.47382837533950806,0
0.6127172112464905,0
0.003484368324279785,1
0.4201510548591614,0
0.3368177115917206,0
1.336817741394043,0
0.4201510548591614,0
0.8302639126777649,0
0.8302639126777649,0
1.015449047088623,0
0.6450786590576172,0
0.2747083008289337,0
1.1564723253250122,0
-0.8889821171760559,0
-0.4344366788864136,0
0.9291996359825134,0
-0.2071639597415924,0
0.47382837533950806,0
1.168272852897644,0
0.6127172112464905,0
0.19605058431625366,0
0.7516061067581177,0
0.5579188466072083,1
0.4048576354980469,0
0.09873521327972412,0
1.3232250213623047,0
0.04771480709314346,0
1.568737506866455,0
2.193737506866455,0
5.318737506866455,0
2.193737506866455,0
1.568737506866455,0
0.8038755059242249,0
0.15170155465602875,0
0.15170155465602875,0
0.15170155465602875,0
1.2386581897735596,0
0.28472259640693665,1
-0.1698228418827057,0
0.7392680644989014,0
1.193813443183899,0
0.3983589708805084,0
1.1417551040649414,0
0.3725242614746094,0
0.6417550444602966,0
0.7956011891365051,0
0.6417550444602966,0
0.6613712310791016,0
0.47955307364463806,0
0.2522803544998169,0
1.1613712310791016,0
0.7522803544998169,0
0.9952051639556885,0
0.2313161939382553,0
0.5785384774208069,0
0.9952051639556885,0
0.5785384774208069,0
0.7824102640151978,1
0.9824103116989136,0
0.9490769505500793,0
0.9157436490058899,0
0.6157435774803162,0
1.2143651247024536,0
0.21436507999897003,0
0.43658730387687683,0
0.7699206471443176,0
0.38103175163269043,0
0.054951973259449005,0
0.1938408762216568,0
1.4438409805297852,0
-0.2228258103132248,0
0.3327297568321228,0
0.6172672510147095,0
1.1797672510147095,0
0.11726722121238708,0
0.4922672212123871,0
0.6797672510147095,0
0.2833157777786255,1
1.244854211807251,0
0.41152089834213257,0
0.7320336699485779,0
0.21921321749687195,0
-0.21953672170639038,0
0.5157573223114014,0
1.1039925813674927,0
0.809874951839447,0
0.2216397225856781,0
1.544372320175171,1
0.08603884279727936,0
0.01659439690411091,0
0.01659439690411091,0
-0.40007227659225464,0
0.7937980890274048,0
1.1937980651855469,0
0.49379807710647583,0
0.19379806518554688,0
0.2937980592250824,0
1.0654304027557373,0
0.37394097447395325,0
0.9058558940887451,0
0.6930899024009705,0
0.639898419380188,0
0.5625693202018738,0
0.7898420095443726,0
0.5625693202018738,0
0.7898420095443726,0
1.130751132965088,0
0.31886494159698486,0
0.501791775226593,0
0.37984055280685425,0
1.1115479469299316,0
0.9286210536956787,0
1.8057568073272705,0
-0.5090579390525818,0
-0.6016504764556885,0
-0.7868356704711914,0
-0.2312801480293274,0
-0.06047510355710983,0
0.24172267317771912,0
-0.0330025777220726,0
1.4779863357543945,0
0.18677762150764465,0
-0.20935092866420746,1
0.2536120116710663,0
0.2536120116710663,0
1.3647230863571167,0
0.4387972056865692,0
0.10380303114652634,0
-0.19381603598594666,0
1.4728506803512573,0
-0.07476840913295746,0
0.3418982923030853,0
1.0311514139175415,0
0.7533736228942871,0
0.38300326466560364,0
0.5681884288787842,0
0.93855881690979,0
1.616419792175293,1
-0.16929444670677185,0
-0.09323624521493912,0
-0.18913571536540985,0
-0.08662249147891998,0
0.23541167378425598,1
0.05022649094462395,0
0.32800427079200745,0
1.439115285873413,0
-0.04236609861254692,0
0.5784779191017151,0
1.1705832481384277,0
0.4468989074230194,0
0.7758463621139526,0
0.6442673802375793,0
0.7789276242256165,0
0.7789276242256165,0
0.9712353348731995,0
-0.18261079490184784,0
-0.18261079490184784,0
-0.0033313820604234934,0
0.18534785509109497,0
0.1381780356168747,0
1.4117628335952759,0
0.4211968779563904,0
0.6282991170883179,0
0.8663944005966187,0
0.03306099399924278,0
-0.3240818977355957,0
0.9854419827461243,0
1.1934865713119507,1
0.2724338173866272,0
0.7987496256828308,0
-0.3854609429836273,0
-0.12230302393436432,0
0.23631906509399414,0
0.9363190531730652,0
0.13631907105445862,0
1.1363190412521362,0
0.23631906509399414,0
1.0395936965942383,0
0.6229270100593567,0
0.6229270100593567,0
0.9979270696640015,0
0.6645936965942383,0
1.6245174407958984,1
-0.207835391163826,0
-0.207835391163826,0
-0.23724715411663055,0
0.003929317928850651,0
1.084805965423584,0
0.9285560250282288,0
0.5379310846328735,0
0.5379310846328735,0
0.6941810250282288,0
0.05249779671430588,0
1.2243728637695312,0
0.8337478637695312,0
-0.10375220328569412,0
0.13062280416488647,0
1.6476640701293945,1
-0.1822805553674698,0
-0.1268276870250702,0
-0.27008092403411865,0
-0.19152270257472992,0
0.024375364184379578,0
0.024375364184379578,0
0.47309327125549316,0
1.3705291748046875,0
0.3448881506919861,0
1.6358739137649536,1
-0.24861179292201996,0
-0.06311432272195816,0
-0.16007891297340393,0
-0.23174838721752167,0
0.9133724570274353,0
0.4588269889354706,0
0.4588269889354706,0
-0.10935482382774353,0
1.0270087718963623,0
0.978366494178772,0
0.978366494178772,0
0.35336655378341675,0
0.7700331807136536,0
0.5616998672485352,0
0.4560256004333496,0
0.3726922869682312,0
1.2060256004333496,0
0.7893589735031128,0
0.2893589437007904,0
1.2328988313674927,0
0.23289883136749268,0
-0.14210116863250732,0
0.7953988313674927,0
-0.017101168632507324,0
1.6436607837677002,1
-0.2132757604122162,0
-0.18076130747795105,0
-0.18076130747795105,0
-0.1518595814704895,0
0.033063292503356934,0
1.4219523668289185,0
0.033063292503356934,0
0.31084108352661133,0
-0.8002700805664062,0
1.2267773151397705,0
-0.3010006248950958,0
0.8101105690002441,0
0.11566606163978577,0
-0.439889520406723,0
0.16730473935604095,0
-0.18983814120292664,0
0.28635236620903015,0
-0.07079051434993744,0
1.4768285751342773,0
0.8775804042816162,0
0.8775804042816162,0
0.8775804042816162,0
0.5727023482322693,0
0.999531626701355,0
0.6698256134986877,0
0.7491906881332397,0
0.31268277764320374,0
0.7491906881332397,0
1.1063334941864014,0
1.1039927005767822,0
0.8098750114440918,0
-0.17051716148853302,0
0.5647769570350647,0
0.12360049784183502,0
0.11286642402410507,0
-0.13103601336479187,0
-0.07006040960550308,0
0.17384204268455505,0
1.515305519104004,0
1.4055296182632446,0
0.23886294662952423,0
0.12775182723999023,0
0.40552961826324463,0
-0.15002594888210297,0
1.6603546142578125,1
-0.20882779359817505,0
-0.18151091039180756,0
-0.23007425665855408,0
-0.22805078327655792,0
1.6587448120117188,1
-0.19831620156764984,0
-0.24041341245174408,0
-0.195924311876297,0
-0.20166485011577606,0
1.6522129774093628,1
-0.25192394852638245,0
-0.15690085291862488,0
-0.2214745581150055,0
-0.16635066270828247,0
0.12760746479034424,0
1.2060388326644897,0
0.6178035736083984,0
0.666823148727417,0
0.0785878598690033,0
1.6433473825454712,1
-0.10849657654762268,0
-0.1585492640733719,0
-0.24548287689685822,0
-0.2296767681837082,0
1.657304048538208,1
-0.18311737477779388,0
-0.22495631873607635,0
-0.18853183090686798,0
-0.22987854480743408,0
0.5661000609397888,0
0.8567976951599121,0
1.1474953889846802,0
0.5079604983329773,0
0.391681432723999,0
0.030331671237945557,1
1.2178316116333008,0
0.09283167123794556,0
0.8428316712379456,0
0.15533167123794556,0
0.6162012815475464,0
0.05497683957219124,0
0.25905847549438477,0
-0.04706397280097008,0
1.3304868936538696,0
0.7004966139793396,0
0.31588125228881836,0
0.7004966139793396,0
0.31588125228881836,0
1.1812658309936523,0
0.4884434640407562,0
1.0496679544448853,0
0.4884434640407562,0
0.33538225293159485,0
0.9986475110054016,0
1.658727765083313,1
-0.23232699930667877,0
-0.2031777948141098,0
-0.2090987265110016,0
-0.19088046252727509,0
0.23790009319782257,0
0.5712334513664246,0
0.01567787677049637,0
0.46012231707572937,0
1.293455719947815,0
0.5569692850112915,0
0.3783978521823883,0
-0.15731646120548248,0
0.3783978521823883,0
1.2712550163269043,0
0.6632064580917358,0
0.07987308502197266,0
0.6632064580917358,0
1.1632064580917358,0
-0.08679358661174774,0
0.4623546600341797,0
1.3373546600341797,0
0.4623546600341797,0
-0.03764533996582031,0
0.08735466003417969,0
0.35669660568237305,0
0.24800093472003937,0
0.35669660568237305,0
-0.40417298674583435,0
1.334957480430603,0
-0.15257634222507477,0
1.369162917137146,0
0.28220629692077637,0
0.0648149773478508,0
0.49959760904312134,0
0.823601245880127,0
0.4747640788555145,0
0.6491826772689819,0
0.8817408084869385,0
1.056159496307373,0
0.3333333432674408,0
0.6666666865348816,0
1.25,0
0.1666666716337204,0
0.5,0
1.6443743705749512,1
-0.17657922208309174,0
-0.2458696812391281,0
-0.09065903723239899,0
-0.24309806525707245,0
0.0019374300027266145,0
0.5338523387908936,0
1.3849161863327026,0
0.16151189804077148,0
0.0019374300027266145,0
-1.3693064451217651,0
-1.3693064451217651,0
-1.3693064451217651,0
1.1306935548782349,0
1.1306935548782349,0
1.1030741930007935,0
0.013330654241144657,0
-0.114874467253685,0
0.9748690724372864,0
0.2056383341550827,0
0.276724249124527,0
-0.6607757806777954,0
0.9017242193222046,0
0.9017242193222046,0
-1.2857757806777954,0
-0.07581868022680283,0
0.037817683070898056,0
0.2650904059410095,0
0.4355449378490448,0
1.4014540910720825,0
-0.4023292362689972,0
1.2105741500854492,0
-0.24103888869285583,0
-0.07974855601787567,0
0.8879934549331665,0
-0.030550003051757812,0
0.13611666858196259,0
1.4694499969482422,0
-0.3638833463191986,0
0.302783340215683,0
-0.1628154069185257,0
1.3756461143493652,0
0.02949228696525097,0
0.6064153909683228,0
-0.06666155904531479,0
0.5675689578056335,0
1.0536800622940063,0
0.35923561453819275,0
0.9842356443405151,0
0.35923561453819275,0
-1.7884670495986938,0
2.5865328311920166,0
-1.4759670495986938,0
-2.4134669303894043,0
-2.4134669303894043,0
1.6560111045837402,1
-0.19765447080135345,0
-0.1808665543794632,0
-0.24288856983184814,0
-0.19625547528266907,0
-0.18444837629795074,0
-0.6011150479316711,0
-0.7400039434432983,0
-0.32333725690841675,0
1.7599961757659912,0
1.162248134613037,0
0.48042988777160645,0
0.8592178225517273,0
0.32891473174095154,0
0.4046722948551178,0
0.23281562328338623,0
0.7015656232833862,0
1.1703156232833862,0
0.7015656232833862,0
0.23281562328338623,0
-0.19648364186286926,0
0.045451853424310684,0
0.6099680066108704,0
1.3357744216918945,0
0.20674218237400055,0
0.29977020621299744,0
0.6469924449920654,0
0.36921465396881104,0
0.43865910172462463,0
1.2719924449920654,0
0.9558368921279907,0
0.8596830368041992,0
0.7635291814804077,0
0.8596830368041992,0
0.33083686232566833,0
1.6429568529129028,1
-0.19418980181217194,0
-0.2312019169330597,0
-0.15717768669128418,0
-0.14371873438358307,0
1.6435800790786743,1
-0.1345449537038803,0
-0.2376699447631836,0
-0.14079494774341583,0
-0.22516994178295135,0
0.21829228103160858,0
1.0516254901885986,0
0.9234204292297363,0
0.34649738669395447,0
0.6670101881027222,0
1.155220627784729,0
0.4734025001525879,0
0.3597661554813385,0
0.8143115639686584,0
0.018857067450881004,0
1.6579668521881104,1
-0.1791614443063736,0
-0.21129512786865234,0
-0.20257312059402466,0
-0.23837922513484955,0
-0.8316057324409485,0
0.1299327164888382,0
0.1299327164888382,0
1.4760866165161133,0
-0.06237497925758362,0
0.103767029941082,0
0.937100350856781,0
1.0886155366897583,0
0.2552821934223175,0
0.48255491256713867,0
0.6224101185798645,0
0.9349101781845093,0
0.6224101185798645,0
0.5442851185798645,0
1.0911601781845093,0
0.1694232076406479,0
0.33071354031562805,0
0.1694232076406479,0
1.2984554767608643,0
0.6532941460609436,0
0.6838657855987549,0
0.4616435468196869,0
1.128310203552246,0
0.5727546811103821,0
0.8505324125289917,0
-1.147359848022461,1
0.7970847487449646,0
-0.03624863177537918,0
-0.03624863177537918,0
1.0748624801635742,0
1.660470962524414,1
-0.21440373361110687,0
-0.1893586665391922,0
-0.22842898964881897,0
-0.21590644121170044,0
0.8232001066207886,0
0.2150920182466507,0
1.0934703350067139,0
0.6880649924278259,0
0.5529298186302185,0
0.6147103905677795,0
0.19804373383522034,0
0.6147103905677795,0
1.2397104501724243,0
0.19804373383522034,0
0.20871224999427795,0
0.3087122440338135,0
-0.14128775894641876,0
-0.04128775745630264,0
1.4587122201919556,0
1.120443344116211,0
0.33919331431388855,0
0.26106831431388855,0
0.5735682845115662,0
0.8860683441162109,0
1.652482271194458,1
-0.2655264437198639,0
-0.16303741931915283,0
-0.18499934673309326,0
-0.18499934673309326,0
0.3249816596508026,0
0.054711390286684036,0
1.338495135307312,0
0.39254921674728394,0
0.46011677384376526,0
0.4669558107852936,0
1.02251136302948,0
0.23547431826591492,0
0.8373262286186218,0
0.8373262286186218,0
0.8138079047203064,0
0.03999832272529602,0
1.1114269495010376,0
0.6352365016937256,0
0.2185697704553604,0
1.620582938194275,1
0.007480295840650797,0
-0.2057459056377411,0
-0.2057459056377411,0
-0.21192637085914612,0
0.8420192003250122,0
1.0920192003250122,0
0.4045192003250122,0
0.7795192003250122,0
0.4670192003250122,0
0.5873546600341797,0
0.4623546600341797,0
1.2123546600341797,0
-0.2876453399658203,0
0.3373546600341797,0
0.6464465856552124,0
1.1464465856552124,0
0.6464465856552124,0
0.1464466154575348,0
0.6464465856552124,0
0.3047376871109009,0
0.5547376871109009,0
0.8047376871109009,0
0.12616625428199768,0
1.1618804931640625,0
-0.14791250228881836,0
0.7270874977111816,0
0.9770874977111816,0
0.8520874977111816,0
-0.02291250228881836,0
0.32305529713630676,0
0.32305529713630676,0
1.0373409986495972,0
1.0373409986495972,0
0.32305529713630676,0
0.6971257925033569,1
0.2725975215435028,0
1.0744842290878296,0
0.6499559879302979,0
0.8386352062225342,0
1.6496835947036743,1
-0.23422087728977203,0
-0.24240338802337646,0
-0.196677565574646,0
-0.11244575679302216,0
0.4610036611557007,0
0.8776703476905823,0
1.0860036611557007,0
0.6693370342254639,0
0.7387814521789551,0
1.0434882640838623,0
0.6863453984260559,0
0.7577739953994751,0
0.4006310999393463,0
0.9006311297416687,0
0.5278865098953247,0
0.5278865098953247,0
0.7201942205429077,0
1.0086557865142822,0
1.0086557865142822,0
1.286176323890686,0
0.2861763536930084,0
0.38617634773254395,0
0.636176347732544,0
0.3361763656139374,0
0.08102210611104965,0
-0.16897790133953094,0
1.5810221433639526,0
-0.16897790133953094,0
-0.08564456552267075,0
0.9174098372459412,0
0.1481790691614151,0
-0.14028246700763702,0
1.109717607498169,0
0.3404867649078369,0
0.17686468362808228,0
1.132746934890747,0
0.3974528908729553,0
0.3239234983921051,0
0.912158727645874,0
1.6607260704040527,1
-0.21119527518749237,0
-0.17117063701152802,0
-0.20503763854503632,0
-0.2696928083896637,0
0.6180936694145203,0
0.20142704248428345,0
1.0347603559494019,0
0.6180936694145203,0
-0.631906270980835,0
0.19277410209178925,1
0.6213455200195312,0
0.9784884452819824,0
0.835631251335144,0
0.835631251335144,0
-0.06968360394239426,0
-0.23097392916679382,0
-0.15032877027988434,0
-0.15032877027988434,0
1.6238648891448975,0
0.28056392073631287,0
0.4657490849494934,0
1.2064898014068604,0
0.0027861418202519417,0
0.7435268759727478,0
0.4643745720386505,0
1.032556414604187,0
0.4075563848018646,0
0.8621018528938293,0
0.8621018528938293,0
0.2569933533668518,0
0.09032666683197021,0
0.173660010099411,0
1.256993293762207,0
0.756993293762207,0
-0.07564651221036911,0
1.3898707628250122,0
0.09676726907491684,0
0.5278017520904541,0
0.09676726907491684,0
1.3053405284881592,0
0.0956631526350975,0
0.5795341730117798,0
0.25695347785949707,0
0.4182438254356384,0
0.8287038803100586,0
0.4339669644832611,0
1.0918617248535156,0
0.1708090752363205,0
0.6971248984336853,0
1.4200116395950317,0
-0.09040499478578568,0
-0.09040499478578568,0
-0.09040499478578568,0
0.5345950126647949,0
1.6398488283157349,1
-0.1850098818540573,0
-0.16523587703704834,0
-0.25563135743141174,0
-0.10873869806528091,0
1.6561493873596191,1
-0.22603704035282135,0
-0.20596039295196533,0
-0.15805017948150635,0
-0.23059991002082825,0
0.14723072946071625,0
1.1472307443618774,0
0.6472307443618774,0
0.7472307085990906,0
0.04723072052001953,0
0.6396204233169556,0
-0.3603796362876892,0
0.972953736782074,0
0.8062870502471924,0
0.3062870502471924,0
-0.08309255540370941,0
1.2212553024291992,0
0.24299441277980804,0
0.7864726781845093,0
0.24299441277980804,0
0.945048987865448,0
1.0450490713119507,0
0.4450490176677704,0
0.5450490117073059,0
0.745048999786377,0
0.7298790216445923,0
0.8769378662109375,0
0.9504672288894653,0
0.6563495993614197,0
1.0239967107772827,0
0.8134034276008606,0
0.5790284276008606,0
0.7352784276008606,0
1.1259033679962158,0
0.7352784276008606,0
1.6544029712677002,1
-0.23701819777488708,0
-0.23353491723537445,0
-0.18427138030529022,0
-0.15540991723537445,0
0.4657490849494934,0
1.2064898014068604,0
0.0027861418202519417,0
0.28056392073631287,0
0.7435268759727478,0
0.22098705172538757,0
1.2626535892486572,0
0.7418203949928284,0
0.22098705172538757,0
0.012653717771172523,0
0.71827632188797,0
0.5992286801338196,0
1.1944668292999268,0
0.4801810681819916,0
0.24208581447601318,0
0.5442776083946228,0
0.7526109218597412,0
0.1276109516620636,0
-0.0807223692536354,0
1.169277548789978,0
-1.123041033744812,0
-0.8957682847976685,0
-0.8957682847976685,0
-0.8957682847976685,0
2.058777093887329,0
1.651001214981079,1
-0.2304420918226242,0
-0.13839496672153473,0
-0.20466889441013336,0
-0.21203267574310303,0
0.5976310968399048,0
0.9309644103050232,0
0.9309644103050232,0
0.9309644103050232,0
0.4309644103050232,0
1.6590676307678223,1
-0.17199932038784027,0
-0.22227704524993896,0
-0.21748869121074677,0
-0.22802306711673737,0
-0.057102613151073456,0
0.8357545733451843,0
-0.9499597549438477,0
-0.7713883519172668,0
1.1928974390029907,0
1.6138436794281006,1
-0.06957337260246277,0
-0.19520151615142822,0
-0.08527688682079315,0
-0.17635728418827057,0
-0.448845773935318,0
0.2329723834991455,0
1.1420632600784302,0
0.6875178217887878,0
-1.1306638717651367,0
0.1796227991580963,1
0.1796227991580963,0
-0.03466292843222618,0
0.1796227991580963,0
1.4653371572494507,0
0.7211126685142517,1
0.6318269371986389,0
0.8103983998298645,0
0.8996841311454773,0
1.078255534172058,0
-3.7914376258850098,0
-6.29143762588501,0
-6.29143762588501,0
1.2085622549057007,0
1.2085622549057007,0
-0.30852803587913513,1
1.229933500289917,0
0.6530104279518127,0
0.0760873481631279,0
-1.0777587890625,0
1.0479391813278198,0
0.3661209046840668,0
0.5176360607147217,0
0.9721815586090088,0
0.13884815573692322,0
1.3220078945159912,0
-0.136325404047966,0
-0.3446587324142456,0
0.5928412675857544,0
0.280341237783432,0
0.5141129493713379,0
0.4030018448829651,0
0.01411294937133789,0
1.1807795763015747,0
0.7363351583480835,0
0.4468871057033539,0
0.0468871109187603,0
0.7468871474266052,0
1.146887183189392,0
0.5968871116638184,0
1.3984885215759277,0
0.11800062656402588,0
-0.24785304069519043,0
0.30092746019363403,0
0.3619030714035034,0
0.7570045590400696,0
0.4329305589199066,0
1.2199674844741821,0
0.20144908130168915,0
0.3866342604160309,0
1.6582443714141846,1
-0.20146358013153076,0
-0.2162623256444931,0
-0.18370510637760162,0
-0.23106105625629425,0
0.1663673371076584,0
1.075458288192749,0
0.1095491573214531,0
0.0527309812605381,0
1.0186400413513184,0
0.1365121603012085,0
0.04035830497741699,0
0.2326660007238388,0
-0.055795542895793915,0
1.482666015625,0
0.7570292353630066,0
0.4792514145374298,0
1.1736959218978882,0
0.6875847578048706,0
0.4792514145374298,0
0.40400347113609314,0
0.771650493144989,0
0.8451799154281616,0
1.0657681226730347,0
0.2569446563720703,0
1.6586004495620728,1
-0.16620954871177673,0
-0.22166241705417633,0
-0.23090456426143646,0
-0.21858170628547668,0
0.09284443408250809,0
0.09284443408250809,0
-0.14909106492996216,0
1.5444575548171997,0
-0.14909106492996216,0
1.6128637790679932,1
-0.15812857449054718,0
-0.16957895457744598,0
-0.1390446126461029,0
-0.04744155704975128,0
0.25534239411354065,0
1.1337207555770874,0
0.8634505271911621,0
0.12020725756883621,0
0.5256126523017883,0
-0.3773697018623352,0
-0.5696774125099182,0
0.39186108112335205,0
1.353399634361267,0
0.39186108112335205,0
1.6602485179901123,1
-0.19513553380966187,0
-0.2432541400194168,0
-0.21984508633613586,0
-0.18993352353572845,0
1.6301038265228271,1
-0.2077823132276535,0
-0.03854239732027054,0
-0.17215286195278168,0
-0.24935001134872437,0
0.35336655378341675,0
0.7700331807136536,0
0.5616998672485352,0
0.978366494178772,0
0.978366494178772,0
0.32763421535491943,0
0.32763421535491943,0
0.9855289459228516,0
0.9855289459228516,0
0.7223710417747498,0
0.7322220206260681,0
0.3374851942062378,0
1.258537769317627,0
0.2059062272310257,0
0.2059062272310257,0
0.48972412943840027,0
0.8647241592407227,0
0.11472412943840027,0
0.48972412943840027,0
1.1147241592407227,0
0.8256730437278748,0
1.0230414867401123,0
0.8256730437278748,0
0.3651466965675354,0
0.16777826845645905,0
-0.24313344061374664,0
0.11400942504405975,0
0.47115230560302734,0
0.29258087277412415,0
1.3640093803405762,0
1.5982478857040405,1
-0.19300737977027893,0
-0.16832472383975983,0
-0.17537690699100494,0
0.0643974170088768,0
-0.09779125452041626,0
1.1522088050842285,0
-0.34779125452041626,0
-0.8477912545204163,0
0.9022087454795837,0
0.5987685918807983,0
0.8619264960289001,0
0.46718963980674744,0
1.125084400177002,0
0.6645580530166626,0
0.7200933694839478,0
0.2028520256280899,0
0.8063002824783325,0
0.633886456489563,0
1.0649209022521973,0
1.6576024293899536,1
-0.20195665955543518,0
-0.23711438477039337,0
-0.21573469042778015,0
-0.17440059781074524,0
-0.5659238696098328,0
-0.28814607858657837,0
-1.6770350933074951,0
0.8229650855064392,0
1.1007428169250488,0
1.1832084655761719,0
0.313643217086792,0
0.6397302150726318,0
0.7484258413314819,0
0.4223388731479645,0
0.6694585084915161,0
1.0027918815612793,0
0.8361251950263977,0
0.8361251950263977,0
0.28056958317756653,0
0.28647446632385254,0
0.7594473958015442,0
1.2324203252792358,0
0.08377178013324738,0
0.35404202342033386,0
1.6282286643981934,1
-0.2390764206647873,0
-0.1877768337726593,0
-0.17067697644233704,0
-0.047557953745126724,0
-0.30165570974349976,0
-0.03379856050014496,0
0.41263002157211304,0
-0.30165570974349976,0
1.4840586185455322,0
1.6220637559890747,1
-0.199022576212883,0
-0.2389586865901947,0
0.008645164780318737,0
-0.20301619172096252,0
-0.056186478585004807,0
0.7392680644989014,0
1.193813443183899,0
0.05744988098740578,0
0.5119953155517578,0
0.9702033400535583,0
0.385096937417984,0
0.49147993326187134,0
0.27871397137641907,0
1.076586365699768,0
0.996015191078186,1
0.8873195648193359,0
0.996015191078186,0
0.7786239385604858,0
0.8873195648193359,0
0.9330846667289734,0
0.9330846667289734,0
0.9330846667289734,0
0.7058119773864746,0
0.47853922843933105,0
1.6331406831741333,1
-0.13410072028636932,0
-0.09674440324306488,0
-0.21743406355381012,0
-0.21743406355381012,0
0.2618774473667145,0
0.4007663428783417,0
0.12298855930566788,0
0.9563219547271729,0
1.0952107906341553,0
1.2921733856201172,0
0.458840012550354,0
0.5109233260154724,0
0.458840012550354,0
0.4067566990852356,0
1.6547958850860596,1
-0.2256433367729187,0
-0.16503414511680603,0
-0.17384061217308044,0
-0.24895456433296204,0
0.4797799587249756,0
0.3964466452598572,0
0.3964466452598572,0
0.7297799587249756,0
1.2297799587249756,0
0.03191196173429489,0
0.03191196173429489,0
1.57037353515625,0
-0.16039574146270752,0
-0.16039574146270752,0
0.26637113094329834,0
1.1592283248901367,0
0.8913711309432983,0
-0.09077174216508865,0
0.08779969066381454,0
0.9534295201301575,1
0.3284294903278351,0
0.5367628335952759,0
1.057596206665039,0
0.12009615451097488,0
0.9989449977874756,0
0.7906116843223572,0
0.3739449977874756,0
0.304500550031662,0
0.9295005798339844,0
1.6111871004104614,1
-0.1901724636554718,0
-0.008903573267161846,0
-0.12974950671195984,0
-0.1977253407239914,0
-0.00865909457206726,1
0.6365022659301758,0
0.23327641189098358,0
1.2816636562347412,0
0.39456674456596375,0
1.2668020725250244,0
-0.8165311813354492,0
0.8501354455947876,0
-1.0248644351959229,0
-0.3998644948005676,0
0.75,0
0.75,0
-0.25,0
1.0,0
0.25,0
1.0657426118850708,0
0.7879648208618164,0
0.7879648208618164,0
0.41759446263313293,0
0.7879648208618164,0
0.6017990708351135,0
0.9066771268844604,0
0.7237502932548523,0
0.7237502932548523,0
1.0896040201187134,0
0.8328603506088257,0
0.5828603506088257,0
1.1453603506088257,0
0.6453603506088257,0
0.6453603506088257,0
0.5135695338249207,0
0.908306360244751,0
0.6451484560966492,0
0.8425168991088867,0
1.0398852825164795,0
0.23171037435531616,0
-0.31176790595054626,0
0.9925799369812012,0
0.8838842511177063,0
0.5577973127365112,0
0.0976322814822197,1
-0.1702248603105545,0
0.008346565999090672,0
0.6333465576171875,0
1.3476322889328003,0
-0.07566657662391663,0
0.06322231888771057,0
0.20211121439933777,0
1.5215556621551514,0
-0.21455547213554382,0
0.4344896078109741,0
0.19639436900615692,0
1.3868706226348877,0
0.13687054812908173,0
0.2559181749820709,0
0.00231963605619967,0
-0.18286554515361786,0
0.6504677534103394,0
0.5578751564025879,0
1.2060233354568481,0
0.21743600070476532,0
0.7856178283691406,0
0.8992541432380676,0
-0.12347307801246643,0
0.8992541432380676,0
0.9821318984031677,0
0.07304110378026962,0
0.8684956431388855,0
-0.4951407015323639,0
0.5275865197181702,0
-0.14235034584999084,0
-0.14235034584999084,0
0.69098299741745,0
0.69098299741745,0
1.107649564743042,0
1.6598933935165405,1
-0.20617978274822235,0
-0.2122083455324173,0
-0.23493140935897827,0
-0.19087649881839752,0
1.6332366466522217,1
-0.082708440721035,0
-0.10646767914295197,0
-0.2516630291938782,0
-0.24902312457561493,0
-0.8640183806419373,0
1.2193149328231812,0
-0.030685067176818848,0
-0.44735172390937805,0
0.8026482462882996,0
0.3547153174877167,0
1.2713820934295654,0
0.5213819742202759,0
0.6047153472900391,0
0.2713819742202759,0
1.236849308013916,0
0.34399211406707764,0
0.701134979724884,0
0.5225635766983032,0
0.34399211406707764,0
0.5587975978851318,0
0.8712975978851318,0
0.8712975978851318,0
0.8192142844200134,0
1.0275475978851318,0
0.4120347499847412,0
0.2245347499847412,0
-0.08796525001525879,0
1.4120347499847412,0
0.09953474998474121,0
0.7044013738632202,0
0.2182902693748474,0
1.121068000793457,0
0.7738457918167114,0
0.1488458216190338,0
1.657584547996521,1
-0.22844557464122772,0
-0.19867734611034393,0
-0.17050383985042572,0
-0.2321666032075882,0
0.6226922869682312,0
0.2893589437007904,0
0.7060256004333496,0
1.2060256004333496,0
0.2893589437007904,0
1.6415891647338867,1
-0.17252609133720398,0
-0.1774962693452835,0
-0.1576155573129654,0
-0.20234715938568115,0
1.6586822271347046,1
-0.18796603381633759,0
-0.19806703925132751,0
-0.22745180130004883,0
-0.22194215655326843,0
0.7152882218360901,0
0.7152882218360901,0
0.9930659532546997,0
0.946769654750824,0
0.34491783380508423,0
0.6409658193588257,1
0.21543389558792114,0
1.2792637348175049,0
0.4281998872756958,0
0.3218168616294861,0
1.2281527519226074,0
0.3190619647502899,0
0.7736074328422546,0
0.034971073269844055,0
0.2622438073158264,0
0.5801329612731934,0
-1.9198671579360962,0
0.02457738108932972,0
0.8579107522964478,0
0.02457738108932972,0
0.6084034442901611,0
0.08757010102272034,0
0.29590341448783875,0
0.6084034442901611,0
1.2334034442901611,0
0.340732216835022,0
0.884210467338562,0
1.047253966331482,0
0.17768873274326324,0
0.7211669683456421,0
-2.3733971118927,0
-12.373397827148438,0
-2.3733971118927,0
-2.3733971118927,0
0.12660294771194458,0
0.8796083331108093,0
0.291373074054718,0
0.8060789108276367,0
1.0266671180725098,0
0.5119612812995911,0
0.5917516946792603,0
0.25841838121414185,0
0.5917516946792603,0
0.25841838121414185,0
1.2584184408187866,0
0.26609933376312256,0
0.37973570823669434,0
0.15246298909187317,0
1.4024629592895508,0
0.15246298909187317,0
0.45215216279029846,0
0.9521521329879761,0
0.8752290606498718,0
0.9136906266212463,0
0.7983059883117676,0
0.2560238540172577,0
0.04769051820039749,0
1.5060237646102905,0
-0.1606428027153015,0
-0.05647614598274231,0
1.1084200143814087,0
0.3941342830657959,0
0.9298485517501831,0
0.036991409957408905,0
0.036991409957408905,0
0.7559052109718323,0
0.8154290318489075,0
0.3987623155117035,0
0.1011432409286499,0
1.0535242557525635,0
0.3913833498954773,0
0.16411063075065613,0
0.8459287881851196,0
1.1489591598510742,0
-0.1389196813106537,0
1.632270097732544,1
-0.16374623775482178,0
-0.12940557301044464,0
-0.20152096450328827,0
-0.15000997483730316,0
1.6334913969039917,1
-0.2715494632720947,0
-0.1513853371143341,0
-0.06639120727777481,0
-0.19827866554260254,0
1.0645856857299805,0
-0.9354143738746643,0
0.5645856261253357,0
-0.9354143738746643,0
0.5645856261253357,0
1.6461689472198486,1
-0.20806074142456055,0
-0.2609308362007141,0
-0.10232055932283401,0
-0.19295500218868256,0
0.1028502881526947,0
0.1028502881526947,0
0.1028502881526947,0
0.9064217209815979,0
1.1742788553237915,0
0.29714125394821167,0
1.3947021961212158,0
-0.00773679930716753,0
0.11421442031860352,0
0.41909247636795044,0
0.4107814133167267,0
0.6091940999031067,0
0.6488766074180603,0
0.9663369059562683,0
1.0457019805908203,0
1.2553080320358276,0
0.5236007571220398,0
0.5845763683319092,0
0.4626251459121704,0
0.5236007571220398,0
1.6568329334259033,1
-0.20940056443214417,0
-0.23054330050945282,0
-0.21558868885040283,0
-0.16814644634723663,0
0.8380903005599976,0
0.5155096054077148,0
0.6767999529838562,0
1.0800257921218872,0
0.8380903005599976,0
1.116890549659729,0
0.8043906092643738,0
0.5960572361946106,0
0.283557265996933,0
-0.02894272282719612,0
1.223143458366394,0
0.15171486139297485,0
0.24100057780742645,0
-0.20542800426483154,0
0.7767148613929749,0
0.22930842638015747,0
1.0946930646896362,0
0.9023853540420532,0
0.03700073063373566,0
0.517769992351532,0
-0.0026468797586858273,0
-0.22991961240768433,0
-0.0026468797586858273,0
-0.15416203439235687,0
1.5882622003555298,0
0.39121413230895996,0
0.8541771173477173,0
0.5763993263244629,0
1.0393623113632202,0
0.8541771173477173,0
-0.0624687522649765,0
1.301167607307434,0
0.5057130455970764,0
0.16480396687984467,0
0.5057130455970764,0
0.9688518643379211,0
1.077547550201416,0
0.4253735840320587,0
0.20798227190971375,0
0.09928662329912186,0
