0.8644339442253113,0
0.8343134522438049,0
0.7138315439224243,0
1.075277328491211,0
0.5632291436195374,0
1.4512546062469482,1
0.27990251779556274,0
0.09917962551116943,0
0.08579275012016296,0
0.16611403226852417,0
1.4546713829040527,1
-0.1400129497051239,0
-0.09848470240831375,0
0.27526941895484924,0
0.27526941895484924,0
0.40357014536857605,0
0.5481982231140137,0
1.023404836654663,0
0.5068759322166443,0
1.023404836654663,0
-0.26145312190055847,0
0.0248904787003994,0
0.14603585004806519,0
1.5557273626327515,0
-0.19537383317947388,0
1.351613998413086,0
0.2496403604745865,0
0.31542983651161194,0
0.21674561500549316,0
0.49635088443756104,0
0.3425847887992859,1
-0.03836759179830551,0
0.03306098282337189,0
1.366394281387329,0
0.4854419529438019,0
0.8576546311378479,0
0.4164781868457794,0
0.4164781868457794,0
0.5635370016098022,0
1.1517722606658936,0
0.08218054473400116,0
-0.0071051716804504395,0
-0.27496233582496643,0
0.35003769397735596,0
1.4661091566085815,0
-0.17635458707809448,0
0.08680331707000732,0
1.5012770891189575,0
0.2841717302799225,0
-0.2092493325471878,0
1.2167209386825562,0
0.3197743892669678,0
0.1671026349067688,0
0.7014538049697876,0
0.5678659677505493,0
1.1171119213104248,0
0.39247432351112366,0
0.3743583858013153,0
0.9359525442123413,0
0.24754679203033447,0
0.2464202493429184,0
0.2240988314151764,0
0.7486523985862732,0
0.5812416672706604,0
1.1950809955596924,0
0.09678283333778381,0
0.12487272173166275,0
-0.11389132589101791,0
1.5293670892715454,0
-0.08580143749713898,0
1.1785809993743896,0
0.2719877362251282,0
0.8489108085632324,0
0.40935036540031433,0
0.35440531373023987,0
1.2626272439956665,0
0.7437593340873718,0
0.17772160470485687,0
0.1305518001317978,0
0.27206122875213623,0
0.9889282584190369,0
0.4796690344810486,0
0.43337273597717285,0
0.8963356614112854,0
0.8963356614112854,0
0.9899439811706543,1
0.7292077541351318,0
0.8058948516845703,0
0.28442245721817017,0
0.8519071340560913,0
0.4077511429786682,0
0.14968661963939667,0
0.11742856353521347,0
0.19807371497154236,0
1.4077510833740234,0
0.2945294678211212,0
1.1565983295440674,0
-0.09340154379606247,0
0.423839807510376,0
0.8117707967758179,0
-0.18935665488243103,0
-0.21486684679985046,0
-0.03629543259739876,0
0.11676578968763351,0
1.5708472728729248,0
1.0307917594909668,0
0.6736488938331604,0
0.9236488938331604,0
0.530791699886322,0
0.20936308801174164,0
0.7323774695396423,0
1.155454397201538,0
0.5400697588920593,0
0.6939159035682678,0
0.7323774695396423,0
-0.10286372154951096,0
0.7869668006896973,0
0.10900069028139114,0
0.10900069028139114,0
1.2530685663223267,0
1.0719586610794067,0
0.4950355589389801,0
0.9517663717269897,0
0.15849709510803223,0
0.11042017489671707,0
0.41771596670150757,0
1.0540796518325806,0
0.32680684328079224,0
1.0086250305175781,0
0.41771596670150757,0
0.754962146282196,0
0.30258119106292725,0
0.9692479372024536,0
0.6835336089134216,0
0.9454383850097656,0
-0.01094767265021801,0
-0.099836565554142,0
-0.044281005859375,0
-0.2109476774930954,0
1.5890523195266724,0
1.3975719213485718,0
-0.1024281233549118,0
0.4392385482788086,0
0.2934052348136902,0
-0.1440947949886322,0
0.1922721564769745,0
-0.2156776338815689,0
1.4998036623001099,0
-0.2261378914117813,0
0.2131926566362381,0
1.107740044593811,0
0.32648998498916626,0
0.06607330590486526,0
0.013989971950650215,0
0.951490044593811,0
0.6935268044471741,1
0.4157490134239197,0
0.7282490730285645,0
1.1796379089355469,0
0.5025545954704285,0
0.5313563942909241,0
1.292225956916809,0
0.5313563942909241,0
0.3139650523662567,0
0.20526939630508423,0
-0.22817176580429077,0
-0.11947611719369888,0
0.5326977968215942,0
1.4022630453109741,0
0.09791519492864609,0
0.561760663986206,1
-0.17056259512901306,0
-0.14531005918979645,0
-0.17056259512901306,0
1.4203464984893799,0
0.652629017829895,0
0.5664221048355103,0
0.0491807758808136,0
0.3940083384513855,0
1.2129738330841064,0
0.15513791143894196,0
1.3286073207855225,0
0.18915151059627533,0
0.6313284039497375,0
-0.014930129051208496,0
0.2690071761608124,0
-0.07190190255641937,0
0.13913705945014954,0
0.07420199364423752,0
1.4703059196472168,0
0.40067118406295776,0
0.9284489750862122,0
1.0951156616210938,0
0.5951156616210938,0
0.37289342284202576,0
0.11479836702346802,0
-0.07038681209087372,0
1.1333168745040894,0
-0.25557199120521545,0
0.9481316804885864,0
0.540854275226593,0
0.2887534499168396,0
0.2677450478076935,0
0.22572822868824005,0
1.339173674583435,0
0.9540964365005493,0
0.1292233020067215,0
0.24343650043010712,0
0.9033350348472595,0
0.8145025372505188,0
0.7164866328239441,0
1.2951903343200684,0
0.13778293132781982,0
0.09148663282394409,0
0.09148663282394409,0
1.5733344554901123,1
-0.17597688734531403,0
-0.18286393582820892,0
0.04785233363509178,0
0.0168605949729681,0
0.853950023651123,0
0.45921316742897034,0
0.853950023651123,0
0.9855289459228516,0
0.19605527818202972,0
0.2601408362388611,0
0.46656283736228943,0
0.2142692655324936,0
1.1317005157470703,0
0.902342677116394,0
1.5255619287490845,1
-0.0920851081609726,0
0.0864863246679306,0
0.12850312888622284,0
-0.05006830394268036,0
0.04986913502216339,0
1.1288164854049683,0
0.10250071436166763,0
0.26039546728134155,0
0.9446060061454773,0
0.5965272188186646,1
0.1906830370426178,0
-0.004122164566069841,0
0.4828908145427704,0
1.2783454656600952,0
-0.001541067031212151,0
0.27623671293258667,0
0.4614218771457672,0
0.09105151891708374,0
1.3873478174209595,0
0.9439451098442078,0
0.21633313596248627,0
0.7760346531867981,0
0.7573779225349426,0
0.8693182468414307,0
1.352544903755188,0
0.609301745891571,0
0.06876120716333389,0
-0.032590143382549286,0
0.1363287717103958,0
1.5439038276672363,1
0.21785810589790344,0
-0.07681872695684433,0
-0.16237005591392517,0
-0.16237005591392517,0
0.746008038520813,0
0.9420864582061768,0
0.2313021570444107,0
0.770517885684967,0
0.8930668234825134,0
1.481835126876831,1
-0.08431266993284225,0
0.05187409371137619,0
0.09078459441661835,0
0.26588186621665955,0
1.4871467351913452,1
0.14321614801883698,0
0.14321614801883698,0
0.09986354410648346,0
0.013158335350453854,0
0.8548619151115417,0
0.8548619151115417,0
0.35486191511154175,0
0.35486191511154175,0
1.0215286016464233,0
1.0212956666946411,1
0.5540059208869934,0
0.8343797326087952,0
0.6708283424377441,0
0.9512021541595459,0
1.1262319087982178,0
0.1619461625814438,0
0.09051758795976639,0
0.5309937596321106,0
0.8643271327018738,0
0.04530823230743408,0
-0.15310445427894592,0
-0.15310445427894592,0
1.4341970682144165,0
0.4818161427974701,0
0.2454732209444046,0
0.6095508933067322,0
1.313434362411499,0
0.31828874349594116,0
0.22120137512683868,0
1.6338367462158203,1
-0.05971149355173111,0
-0.23444266617298126,0
-0.14035664498806,0
-0.26132437586784363,0
1.3003578186035156,0
0.33261600136756897,0
0.27885255217552185,0
0.6283149123191833,0
0.09068052470684052,0
0.5143036246299744,0
0.445810467004776,0
1.0964953899383545,0
0.5485501885414124,0
0.9423857927322388,0
0.5611041784286499,1
1.02985417842865,0
0.3207195997238159,0
0.21254652738571167,0
0.9937965273857117,0
1.0325320959091187,0
0.5811431407928467,0
0.6853098273277283,0
0.8589209318161011,0
0.9283653497695923,0
0.2106863409280777,0
1.4203636646270752,0
0.03326698765158653,0
0.03326698765158653,0
0.40423470735549927,0
0.4038219451904297,0
0.24077846109867096,0
0.24077846109867096,0
1.1103438138961792,0
0.9473002552986145,0
1.5484399795532227,1
-0.17068836092948914,0
-0.013303364627063274,0
-0.07988931983709335,0
0.1380283534526825,0
-0.09833718091249466,0
0.509770929813385,0
0.352113276720047,0
-0.08707591891288757,0
1.3543654680252075,0
0.7941778898239136,0
0.7941778898239136,0
1.0676153898239136,0
0.8723028898239136,0
0.5598028898239136,0
1.4678856134414673,0
0.10918990522623062,0
0.2178855687379837,0
0.10918990522623062,0
0.10918990522623062,0
1.3043477535247803,1
0.5048553347587585,0
0.14952538907527924,0
0.530236005783081,0
0.21297715604305267,0
0.809431254863739,0
1.0042364597320557,0
0.6470935940742493,0
0.7120286822319031,0
1.0042364597320557,0
0.7691348195075989,0
0.5191348791122437,0
1.1977062225341797,0
0.23342055082321167,0
0.41199198365211487,0
1.4718393087387085,0
0.14119406044483185,0
0.22183923423290253,0
0.14119406044483185,0
-0.1007414311170578,0
1.5317765474319458,0
-0.12076587975025177,0
0.2394036203622818,0
-0.1631387621164322,0
-0.05720655992627144,0
1.1961063146591187,1
0.17840714752674103,0
0.33327439427375793,0
0.7536283731460571,0
0.5545133352279663,0
0.910392701625824,0
1.1838302612304688,0
-0.02710733562707901,0
-0.1442948281764984,0
0.01195516437292099,0
0.41245514154434204,0
1.0374552011489868,0
0.32316941022872925,0
0.6624552011489868,0
0.9660266041755676,0
1.365277647972107,1
0.13313467800617218,0
0.17777754366397858,0
0.543848991394043,0
0.14206324517726898,0
0.9895853996276855,0
0.8845433592796326,0
0.5274004936218262,0
0.8845433592796326,0
0.3593332767486572,0
0.47560572624206543,0
-0.04678235575556755,0
-0.0840957909822464,0
1.4457550048828125,0
-0.19603610038757324,0
0.5062671303749084,0
0.5062671303749084,0
0.9094929695129395,0
0.10304132103919983,0
1.070783257484436,0
0.9046934247016907,0
1.1361749172210693,0
-0.11382504552602768,0
0.3028416037559509,0
0.11765643209218979,0
0.5201820135116577,0
1.1302298307418823,0
0.8072633147239685,0
0.7594164609909058,0
0.49625852704048157,0
0.4810335636138916,0
1.2047178745269775,0
0.7277441024780273,0
0.2507703900337219,0
0.5468230843544006,0
0.12743715941905975,0
0.9024372100830078,0
0.2774371802806854,0
0.3024371564388275,0
1.1524372100830078,0
0.8825944066047668,1
-0.01026277057826519,0
0.12366580218076706,0
1.1950944662094116,0
-0.03258419781923294,0
0.147247776389122,0
1.1403985023498535,0
0.934918999671936,0
0.21574091911315918,0
0.21574091911315918,0
1.0371146202087402,0
0.33398956060409546,0
0.17773956060409546,0
0.6855520606040955,0
0.9199270606040955,0
1.1067818403244019,1
1.0067819356918335,0
-0.1217896044254303,0
-0.00750389089807868,0
-0.16464674472808838,0
1.6275849342346191,0
-0.05004669725894928,0
-0.28030985593795776,0
-0.2145203799009323,0
-0.11583617329597473,0
1.3080278635025024,0
-0.3463836908340454,0
0.7197927236557007,0
-0.3096189796924591,0
0.05802806466817856,0
0.7301405072212219,0
0.544955313205719,0
0.6375479102134705,0
1.1931034326553345,0
0.45236271619796753,0
-0.03757176548242569,0
1.615971565246582,0
-0.17536704242229462,0
-0.17536704242229462,0
-0.15568199753761292,0
1.2165039777755737,1
0.4472731649875641,0
0.34654057025909424,0
0.7128409147262573,0
0.5754783153533936,0
1.0317872762680054,0
-0.10457638651132584,0
-0.08563699573278427,0
-0.10457638651132584,0
1.088605523109436,0
1.6583276987075806,1
-0.22262458503246307,0
-0.20221641659736633,0
-0.18520961701869965,0
-0.22262458503246307,0
1.57054603099823,1
-0.009164119139313698,0
-0.12510615587234497,0
-0.05264238268136978,0
-0.016410496085882187,0
1.4315109252929688,1
-0.04855040833353996,0
0.2607542872428894,0
0.03836165741086006,0
0.33999764919281006,0
-0.09839661419391632,0
0.9172284007072449,0
-0.02027161419391632,0
0.21410338580608368,0
1.1516033411026,0
0.1669510453939438,0
0.3122998774051666,0
-0.007467546965926886,0
1.2134627103805542,0
0.8064858913421631,0
0.17684686183929443,0
1.5214685201644897,0
-0.16179856657981873,0
-0.15183840692043304,0
0.11708590388298035,0
0.4847988784313202,0
0.38479888439178467,0
1.324798822402954,0
0.22479888796806335,0
0.40479886531829834,0
0.2950247824192047,0
0.7950248122215271,0
-0.10497522354125977,0
1.195024847984314,0
0.2950247824192047,0
1.410421371459961,1
0.14828552305698395,0
0.24537289142608643,0
0.3424602746963501,0
0.1968291997909546,0
0.48643675446510315,0
0.20865894854068756,0
0.10449227690696716,0
0.035047829151153564,0
1.3892145156860352,0
0.5190915465354919,0
0.15023908019065857,0
0.06827186048030853,0
1.3797472715377808,0
0.15023908019065857,0
0.4556471109390259,0
1.3158620595932007,0
0.18682990968227386,0
0.21371163427829742,0
0.5362922549247742,0
1.2599986791610718,0
0.5010700821876526,0
0.441546231508255,0
0.441546231508255,0
0.6201176643371582,0
0.08591093868017197,0
-0.04566801339387894,0
0.41485831141471863,0
1.138542652130127,0
0.8753846287727356,0
0.6017072200775146,0
0.7892072200775146,0
0.7892072200775146,0
1.1329572200775146,0
0.6329572200775146,0
0.9515612721443176,1
0.10360807180404663,0
0.2644267976284027,0
1.0977600812911987,0
0.3960057199001312,0
1.4004976749420166,1
-0.09724999219179153,0
-0.18734008073806763,0
0.589686930179596,0
-0.1197725161910057,0
0.8923479914665222,0
0.7392867207527161,0
0.9943887591362,0
0.9943887591362,0
0.7392867207527161,0
1.3622983694076538,0
-0.033687084913253784,0
0.40426912903785706,0
-0.04281117394566536,0
0.44988957047462463,0
0.4387059807777405,0
1.1205241680145264,0
0.8023423552513123,0
0.7114332318305969,0
0.2568877637386322,0
0.713124692440033,0
0.4727400839328766,0
1.2419707775115967,0
0.32850930094718933,0
0.2804323732852936,0
1.009416103363037,0
0.4757081866264343,0
0.3914385139942169,0
0.7285171747207642,0
0.981326162815094,0
0.8459112048149109,0
0.4067220389842987,0
0.4067220389842987,0
1.1161813735961914,0
0.7107760906219482,0
1.0314160585403442,0
0.8041433691978455,0
0.9177797436714172,0
0.6905069947242737,0
0.4632342755794525,0
0.29707884788513184,0
1.4429121017456055,0
0.047078847885131836,0
-0.03625448793172836,0
0.25541219115257263,0
0.14195553958415985,0
1.3793293237686157,0
0.16720806062221527,0
-0.03481214866042137,0
0.5207434296607971,0
1.0151296854019165,0
1.041725516319275,0
0.4566190838813782,0
0.27044883370399475,0
0.3768317997455597,0
1.3899768590927124,0
0.07900121808052063,0
0.1704646348953247,0
-0.10392561554908752,0
0.5058305263519287,0
1.0503698587417603,0
0.9232511520385742,0
0.4783358871936798,0
0.18172571063041687,0
0.6266409754753113,0
1.602689266204834,1
-0.2714650630950928,0
-0.051573313772678375,0
-0.09216871112585068,0
-0.06510511040687561,0
0.7578991055488586,0
-0.13098981976509094,0
1.2578990459442139,0
-0.24210092425346375,0
0.20234352350234985,0
0.994855523109436,0
0.6069245338439941,0
0.8655452132225037,0
0.5207176804542542,0
0.9517521262168884,0
0.7311210632324219,0
0.6260790228843689,0
0.321457177400589,0
0.6050706505775452,0
1.172297477722168,0
1.61859130859375,1
-0.21497219800949097,0
-0.2529556155204773,0
-0.08030369877815247,0
-0.04577331244945526,0
1.6427016258239746,1
-0.20873112976551056,0
-0.20118965208530426,0
-0.13708709180355072,0
-0.17479448020458221,0
1.6414837837219238,1
-0.17720995843410492,0
-0.1997324824333191,0
-0.17157931625843048,0
-0.160318061709404,0
0.4049035608768463,0
0.8396862149238586,0
1.1114253997802734,0
0.7309905886650085,0
0.4049035608768463,0
1.225600242614746,1
-0.030160102993249893,0
0.8338951468467712,0
0.15417169034481049,0
0.015922844409942627,0
1.5534911155700684,1
-0.17661269009113312,0
-0.1160590648651123,0
0.022349242120981216,0
0.10885442793369293,0
1.0873582363128662,0
0.43259620666503906,0
0.968310534954071,0
0.28378668427467346,0
0.22426286339759827,0
1.1007473468780518,0
0.9618584513664246,0
0.28725534677505493,0
0.2674140930175781,0
0.04916013032197952,0
0.09590932726860046,0
1.3277933597564697,0
0.4582281708717346,0
0.20460498332977295,0
0.4944600462913513,0
0.32404592633247375,0
0.1964949071407318,0
1.063841700553894,0
1.0128213167190552,0
0.1964949071407318,0
-0.03157496452331543,0
0.6827108263969421,0
0.7541393637657166,0
1.111282229423523,0
0.18271075189113617,0
0.7532406449317932,0
0.5568119883537292,0
0.25324055552482605,0
1.1282405853271484,0
0.7175263166427612,0
-2.8504385948181152,0
-5.350438117980957,0
-2.8504385948181152,0
2.1495614051818848,0
-0.35043865442276,0
-0.12660109996795654,0
1.219552755355835,0
-0.8958318829536438,0
-0.5112164616584778,0
0.8349373936653137,0
1.4321361780166626,1
0.37030819058418274,0
0.17317557334899902,0
0.08805011957883835,0
0.03876696527004242,0
1.6356443166732788,1
-0.15522094070911407,0
-0.23935554921627045,0
-0.15522094070911407,0
-0.12717607617378235,0
0.4588327705860138,0
0.5958190560340881,0
1.2465040683746338,0
0.5958190560340881,0
0.4588327705860138,0
1.4476088285446167,1
-0.06615258008241653,0
-0.06615258008241653,0
0.4613703489303589,0
-0.08908835798501968,0
0.3015947937965393,0
0.13712111115455627,0
0.07133164256811142,0
0.3015947937965393,0
1.420015811920166,0
1.3751884698867798,0
-0.0953996479511261,0
0.4928356111049652,0
0.27224740386009216,0
0.08842387050390244,0
0.875304639339447,0
0.6967331767082214,0
0.5181617736816406,0
1.0092332363128662,0
0.9199475049972534,0
0.3325378894805908,0
0.8880934119224548,0
0.9079346656799316,0
0.6103156208992004,0
0.94761723279953,0
0.4560217261314392,0
0.9484459757804871,0
0.34238535165786743,0
0.4560217261314392,0
1.0999611616134644,0
1.612046241760254,1
-0.020606916397809982,0
-0.14305588603019714,0
-0.2553007900714874,0
-0.1226477324962616,0
0.3856191337108612,0
1.457047700881958,0
-0.07356453686952591,0
0.028476275503635406,0
0.028476275503635406,0
0.3529648780822754,0
0.0404648594558239,0
0.0404648594558239,0
1.4346956014633179,0
0.20873409509658813,0
0.8738921284675598,0
0.5854306221008301,0
0.6815844774246216,0
0.008507554419338703,0
0.9700459837913513,0
1.3452309370040894,1
0.08436136692762375,0
0.3126222491264343,0
0.1387092024087906,0
0.5517526865005493,0
0.5582870244979858,0
0.29665911197662354,0
0.5292172431945801,0
1.2850311994552612,0
0.3257288634777069,0
1.0346999168395996,0
-0.24908380210399628,0
-0.24908380210399628,0
1.1022675037384033,0
-0.24908380210399628,0
0.2536120116710663,0
1.3647230863571167,0
0.4387972056865692,0
-0.20935092866420746,0
0.2536120116710663,0
0.6474225521087646,0
0.3574225604534149,0
0.7174225449562073,0
1.1474225521087646,0
0.7174225449562073,0
0.2903977036476135,0
1.4759647846221924,0
-0.09620022773742676,0
0.08421214669942856,0
0.058438949286937714,0
1.3466742038726807,0
-0.06636931002140045,0
-0.28376060724258423,0
0.6945002675056458,0
-0.28376060724258423,0
0.5585682392120361,0
0.7508759498596191,0
0.7508759498596191,0
1.1354913711547852,0
0.7508759498596191,0
1.6097170114517212,1
-0.10177449136972427,0
-0.11399942636489868,0
-0.169011652469635,0
-0.09566202014684677,0
-0.03113052248954773,0
0.2629871070384979,0
-0.17818933725357056,0
1.5129871368408203,0
-0.03113052248954773,0
1.331101655960083,1
-0.05282691493630409,0
-0.09746977686882019,0
0.616815984249115,0
0.2596730887889862,0
1.0877841711044312,0
0.7127841711044312,0
0.7752841711044312,0
0.33778420090675354,0
0.02528420090675354,0
-0.26138076186180115,0
-0.2756664752960205,0
-0.28995218873023987,0
1.6386191844940186,0
0.024333517998456955,0
0.5569989085197449,0
0.10699887573719025,0
0.25699886679649353,0
1.256998896598816,0
0.606998860836029,0
1.091282844543457,0
0.9417102336883545,0
0.535727322101593,0
0.30068454146385193,0
0.4288896918296814,0
0.34109818935394287,0
0.3691880702972412,0
1.2118847370147705,0
0.7624465227127075,0
0.5096375346183777,0
0.28958749771118164,0
0.03958749771118164,0
0.5395874977111816,0
0.16458749771118164,0
1.3520874977111816,0
1.4634451866149902,1
0.02231370285153389,0
0.18668678402900696,0
0.14081522822380066,0
0.20197729766368866,0
1.3426018953323364,1
0.3635808527469635,0
0.3635808527469635,0
0.2936507761478424,0
0.4335109293460846,0
1.3290702104568481,0
0.2996584475040436,0
0.4467172622680664,0
0.2996584475040436,0
-0.28857681155204773,0
0.0923997312784195,0
1.5738811492919922,0
-0.12364963442087173,0
-0.12364963442087173,0
-0.12364963442087173,0
1.3684866428375244,0
0.06166842579841614,0
0.573032021522522,0
0.06166842579841614,0
0.11848660558462143,0
0.06598202139139175,0
0.07987091690301895,0
0.14931535720825195,0
1.4826486110687256,0
0.14931535720825195,0
-0.006015641614794731,0
0.1400882601737976,0
-0.054716940969228745,0
0.3511272072792053,0
1.4550234079360962,0
0.5257803797721863,0
-0.08960423618555069,0
1.371934175491333,0
0.2565496265888214,0
-0.012681154534220695,0
-0.14101377129554749,0
-0.241013765335083,0
1.3089863061904907,0
0.758986234664917,0
-0.14101377129554749,0
1.6034128665924072,1
-0.09932054579257965,0
-0.12779435515403748,0
-0.07654150575399399,0
-0.12779435515403748,0
0.25277721881866455,0
1.0340272188186646,0
0.6434022188186646,0
0.25277721881866455,0
0.9559022188186646,0
0.5626676082611084,0
0.9431024789810181,0
1.0517981052398682,0
0.6713632345199585,0
0.7800589203834534,0
1.5667531490325928,1
-0.016970399767160416,0
0.024013206362724304,0
-0.08722800761461258,0
-0.09893760830163956,0
0.2788867652416229,0
-0.1132700964808464,0
-0.2113093137741089,0
1.4308475255966187,0
0.35241618752479553,0
0.7263519167900085,0
0.7547610402107239,0
0.3854428827762604,0
1.1524882316589355,0
0.35703378915786743,0
1.5071372985839844,1
0.05259184539318085,0
-0.31104451417922974,0
0.2798645794391632,0
-0.12922634184360504,0
-0.12633748352527618,0
0.3004917800426483,0
0.5443942546844482,0
0.17854057252407074,0
1.337077260017395,0
-0.21609748899936676,0
-0.14147062599658966,0
0.26897716522216797,0
-0.14147062599658966,0
1.537634015083313,0
0.2943316698074341,0
0.3346542716026306,0
0.8991703987121582,0
1.100783348083496,0
0.6169123649597168,0
0.8110107779502869,0
-0.05704479292035103,0
0.22073300182819366,0
1.2276774644851685,0
0.08184409886598587,0
1.548768401145935,0
-0.23541973531246185,0
-0.07516331225633621,0
-0.03242826834321022,0
0.1598794311285019,0
1.480915904045105,1
-0.16706621646881104,0
-0.1894877403974533,0
-0.054958585649728775,0
0.4046826958656311,0
1.5238313674926758,0
-0.07811032235622406,0
0.23742364346981049,0
-0.005294790491461754,0
-0.22374138236045837,0
0.4722875654697418,0
0.0311111006885767,0
1.3987581729888916,0
0.0311111006885767,0
0.20758168399333954,0
1.649475336074829,1
-0.25611886382102966,0
-0.20367130637168884,0
-0.21532630920410156,0
-0.11043121665716171,0
-0.1904429942369461,0
1.4482125043869019,0
0.48182591795921326,0
-0.1694345921278,0
-0.04338416829705238,0
1.1685329675674438,0
0.19631068408489227,0
0.8907551765441895,0
0.057421792298555374,0
-0.15091155469417572,0
0.5051538944244385,0
-0.013138783164322376,0
1.328324556350708,0
0.4441783130168915,0
-0.07411439716815948,0
1.0944912433624268,0
0.40608543157577515,0
0.8770999312400818,0
0.6959404945373535,0
0.33362165093421936,0
0.9187299013137817,0
0.285818487405777,0
0.285818487405777,0
0.7605020403862,0
1.0136666297912598,0
1.2339410781860352,1
0.7184772491455078,0
0.4865184724330902,0
0.2030133157968521,0
0.15146692097187042,0
1.6389083862304688,1
-0.28182339668273926,0
-0.16749411821365356,0
-0.15225021541118622,0
-0.11414045840501785,0
0.9508514404296875,0
0.3626161217689514,0
0.4606553614139557,0
1.0979102849960327,0
0.26457691192626953,0
0.38731589913368225,0
0.38731589913368225,0
0.9907641410827637,0
0.9907641410827637,0
0.7321434617042542,0
1.305964708328247,1
-0.008264511823654175,0
-0.028027357533574104,0
0.33758530020713806,0
0.6340280175209045,0
0.6391853094100952,0
0.5304896235466003,0
0.6391853094100952,0
1.209837555885315,0
0.2859244644641876,0
0.6810042858123779,0
1.0450819730758667,0
0.7780916690826416,0
0.9722663760185242,0
0.6810042858123779,0
0.9832107424736023,0
1.083210825920105,0
-0.1667892038822174,0
0.23321080207824707,0
0.03321080282330513,0
1.6330533027648926,1
-0.23731721937656403,0
-0.12003326416015625,0
-0.1570703089237213,0
-0.14472462236881256,0
1.2207670211791992,0
0.8289759159088135,0
0.15733402967453003,0
0.19464746117591858,0
0.12002059817314148,0
1.536900520324707,1
-0.01023058034479618,0
0.061490729451179504,0
-0.08195189386606216,0
0.061490729451179504,0
1.4329009056091309,1
0.38409945368766785,0
0.1743391752243042,0
-0.005455343518406153,0
0.054476164281368256,0
0.09285315126180649,0
-0.24296776950359344,0
-0.1310274600982666,0
0.09285315126180649,0
1.54807710647583,0
1.29767644405365,0
-0.0484774224460125,0
0.14383026957511902,0
-0.00040049737435765564,0
0.7207533717155457,0
0.579818606376648,0
0.19520319998264313,0
0.9259724617004395,0
1.079818606376648,0
0.3105878233909607,0
1.0001686811447144,1
0.05280027911067009,0
1.0922739505767822,0
0.13174764811992645,0
0.15806344151496887,0
-1.556887149810791,1
-5.723553657531738,0
-5.723553657531738,0
3.44311261177063,0
-5.723553657531738,0
1.6331182718276978,1
-0.2234993726015091,0
-0.16222485899925232,0
-0.18060721457004547,0
-0.09482290595769882,0
1.2876020669937134,0
0.4542686939239502,0
0.3431575894355774,0
0.49130573868751526,0
0.5283427834510803,0
1.5779922008514404,0
-0.22347848117351532,0
0.08289407193660736,0
-0.002890240866690874,0
-0.2479882836341858,0
1.0825109481811523,0
0.7148638963699341,0
0.273687481880188,0
0.8619227409362793,0
0.49427568912506104,0
1.4517319202423096,1
-0.11878086626529694,0
0.2978857755661011,0
-0.03865266218781471,0
0.24980886280536652,0
0.7180898785591125,0
-0.02694319374859333,0
1.2810038328170776,0
-0.010386902838945389,0
0.2545137405395508,0
1.1919505596160889,0
0.853408932685852,0
0.12424225360155106,0
0.30653390288352966,0
0.15028391778469086,0
1.6839567422866821,0
-0.0507369302213192,0
-0.20379814505577087,0
-0.5609409809112549,0
-0.45890018343925476,0
1.2250323295593262,0
0.028223788365721703,0
0.1346067637205124,0
0.6665216684341431,0
0.5601387023925781,0
1.2111719846725464,0
-0.05120423436164856,0
-0.10070917755365372,0
0.0973106101155281,0
0.8646373152732849,0
1.5770870447158813,1
-0.22346708178520203,0
-0.06418730318546295,0
0.12625591456890106,0
-0.23385490477085114,0
0.6051156520843506,0
0.6051156520843506,0
0.7440045475959778,0
1.1606712341308594,0
0.7440045475959778,0
1.0865041017532349,0
0.9343301653862,0
0.4778083860874176,0
0.6517214179039001,0
0.54302579164505,0
1.5597741603851318,1
-0.17781445384025574,0
-0.18845275044441223,0
0.038497600704431534,0
0.0952351838350296,0
1.3098469972610474,1
0.6033253073692322,0
0.15042677521705627,0
0.3859340250492096,0
0.13231083750724792,0
1.3738702535629272,1
0.18852545320987701,0
0.15619786083698273,0
0.37171509861946106,0
0.40404269099235535,0
1.083088994026184,1
0.3915996253490448,0
0.9767059683799744,0
0.3915996253490448,0
0.2586209177970886,0
1.3605092763900757,1
0.44409820437431335,0
0.19869939982891083,0
0.056828226894140244,0
0.3865828514099121,0
0.8424324989318848,0
0.23031912744045258,0
0.3076387047767639,0
1.196813941001892,0
0.1272263526916504,0
0.0554637610912323,0
0.27098098397254944,0
1.2623602151870728,0
0.14167065918445587,0
0.7451188564300537,0
-0.11930644512176514,0
-0.11930644512176514,0
1.1306935548782349,0
-0.11930644512176514,0
-2.6193065643310547,0
0.7701019048690796,0
0.04641765356063843,0
0.22733871638774872,0
1.2470755577087402,0
0.22733871638774872,0
1.3771687746047974,1
0.5357053279876709,0
0.13326629996299744,0
0.1088760644197464,0
0.09668093919754028,0
0.4092519283294678,0
1.2066656351089478,0
0.6032174229621887,0
0.6894243359565735,0
0.5816656947135925,0
0.7251899242401123,0
0.5400047898292542,0
1.0029677152633667,0
1.0029677152633667,0
0.7251899242401123,0
0.048257116228342056,0
1.357780933380127,0
-0.18983814120292664,0
0.6434952616691589,0
-0.18983814120292664,0
0.11318966001272202,0
0.5761526226997375,0
0.7613377571105957,0
0.15948595106601715,0
1.1780043840408325,0
0.7478256821632385,1
0.3695361912250519,0
0.9780888557434082,0
0.12282566726207733,0
0.92874675989151,0
0.3142031133174896,0
1.2232940196990967,0
0.7038134932518005,0
0.5739433765411377,0
0.34667065739631653,0
0.9205403923988342,0
0.7226986885070801,0
0.5248569250106812,0
0.596799373626709,0
1.0824109315872192,0
1.6025974750518799,1
-0.14381399750709534,0
-0.04812021553516388,0
-0.11390969157218933,0
-0.1258714199066162,0
-0.1290951669216156,0
-0.015926439315080643,0
-0.20111162960529327,0
-0.26284003257751465,0
1.6198761463165283,0
1.5923266410827637,0
0.9673266410827637,0
1.5923266410827637,0
0.9673266410827637,0
1.5923266410827637,0
0.38508549332618713,0
0.22379514575004578,0
1.1108919382095337,0
0.22379514575004578,0
0.9496016502380371,0
0.8101649880409241,0
0.4664149880409241,0
0.4976649880409241,0
0.4664149880409241,0
1.1851649284362793,0
0.23596087098121643,0
0.05738943815231323,0
0.5038180351257324,0
0.5038180351257324,0
1.3073893785476685,0
1.4293841123580933,1
-0.004182361997663975,0
-0.03914739564061165,0
0.2842791676521301,0
0.33672672510147095,0
1.399397850036621,1
0.4432225525379181,0
0.11453727632761002,0
0.13445760309696198,0
0.19421856105327606,0
1.2424430847167969,1
0.5373148918151855,0
0.45718663930892944,0
0.12064819782972336,0
0.6014174222946167,0
0.5197145342826843,1
0.43350762128829956,0
1.1231627464294434,0
0.9076454639434814,0
0.5197145342826843,0
0.1551668345928192,0
-0.16950848698616028,0
0.22010190784931183,0
-0.15327472984790802,0
1.5025694370269775,0
1.2526819705963135,0
0.7368090152740479,0
0.1415710151195526,0
0.2606186270713806,0
0.3399837017059326,0
0.4855289161205292,0
1.0952849388122559,0
0.8513826131820679,0
0.7904070019721985,0
0.546504557132721,0
0.7037248015403748,1
0.1572766900062561,0
1.3048176765441895,0
-0.02031894400715828,0
0.02066466398537159,0
1.012171983718872,0
0.39573371410369873,0
0.4642268717288971,0
0.4642268717288971,0
1.0464186668395996,0
0.09483887255191803,0
0.23043209314346313,0
1.3575506210327148,0
0.3575507402420044,0
0.46772024035453796,0
0.3191528022289276,0
-0.013465226627886295,0
-0.09930213540792465,0
-0.1529501974582672,0
1.4994102716445923,0
1.6088863611221313,1
-0.14787046611309052,0
-0.13660919666290283,0
-0.0803029015660286,0
-0.10845605283975601,0
0.5127885341644287,0
0.7400612831115723,0
0.6264249086380005,0
0.9105157256126404,0
1.080970287322998,0
0.7160208225250244,1
1.2842025756835938,0
0.11942993104457855,0
0.11942993104457855,0
0.23306629061698914,0
0.5795927047729492,0
0.17835816740989685,0
0.795642077922821,0
0.24008655548095703,0
1.1660124063491821,0
0.045380111783742905,0
0.45677250623703003,0
0.39348137378692627,0
1.342848539352417,0
0.29854467511177063,0
0.48263055086135864,0
0.8786701560020447,0
0.3341157138347626,0
1.1509473323822021,0
0.35886818170547485,0
1.5488370656967163,1
-0.06599549949169159,0
-0.17365099489688873,0
0.05362173169851303,0
0.0775451734662056,0
1.060648798942566,0
-0.020432213321328163,0
0.993081271648407,0
0.14848670363426208,0
0.35118940472602844,0
1.503593921661377,1
-0.18118879199028015,0
-0.1676018387079239,0
-0.1472214013338089,0
0.3690829575061798,0
0.5665988326072693,1
0.0665987879037857,0
0.2204449474811554,0
1.355060338973999,0
-0.14493969082832336,0
-0.18653656542301178,0
-0.0166336540132761,0
-0.28362393379211426,0
-0.23508024215698242,0
1.6338518857955933,0
0.9424653053283691,0
0.2757986783981323,0
0.10913201421499252,0
0.7757986783981323,0
0.9424653053283691,0
1.1255501508712769,0
0.3058779537677765,0
0.7976812720298767,0
0.7157140374183655,0
0.5107960104942322,0
0.5650935173034668,0
0.20051024854183197,0
0.77342689037323,0
0.7994685173034668,0
1.0598851442337036,0
-0.14275528490543365,0
1.4623582363128662,0
-0.07173255831003189,0
0.43963104486465454,0
-0.10014165192842484,0
1.2045159339904785,1
0.5987467169761658,0
0.31028518080711365,0
0.7237467169761658,0
0.25259286165237427,0
0.807878315448761,0
-0.21484895050525665,0
1.1487873792648315,0
0.35333284735679626,0
-0.4421216547489166,0
0.7226206064224243,0
1.1364136934280396,0
0.32606884837150574,0
0.5846895575523376,0
0.7571033835411072,0
0.7869903445243835,0
0.6230558753013611,0
0.17223626375198364,0
1.0328919887542725,0
0.7869903445243835,0
0.6405546069145203,0
1.0572212934494019,0
0.9009712934494019,0
0.8488879203796387,0
0.5884712934494019,0
1.0435436964035034,0
0.2935436964035034,0
0.9497936964035034,0
0.6685436964035034,0
0.3872936964035034,0
0.9699554443359375,0
0.7048039436340332,0
1.0457130670547485,0
0.7805615067481995,0
0.6669251322746277,0
0.9017980694770813,0
0.5040708184242249,0
1.12907075881958,0
0.5040708184242249,0
0.5040708184242249,0
0.4080037772655487,1
0.3298787772655487,0
0.5251913070678711,0
0.6033163070678711,0
1.267378807067871,0
0.6306341886520386,0
1.365928292274475,0
-0.25171878933906555,0
0.04239886626601219,0
-0.25171878933906555,0
0.18492203950881958,0
0.4004392623901367,0
0.4004392623901367,0
0.3573358356952667,0
1.34871506690979,0
1.4526492357254028,1
-0.07021202892065048,0
0.29114487767219543,0
0.2026493102312088,0
0.08096790313720703,0
0.2597469389438629,0
0.3708580434322357,0
0.9819691777229309,0
0.5930802822113037,0
1.0375248193740845,0
0.21523284912109375,0
0.8274776935577393,0
0.750947117805481,0
0.7254369258880615,0
1.0060491561889648,0
1.2936874628067017,1
0.34924307465553284,0
0.5714653134346008,0
0.46035417914390564,0
0.18257641792297363,0
1.56866455078125,1
-0.07716886699199677,0
-0.056335531175136566,0
0.016581138595938683,0
-0.06675219535827637,0
1.3657441139221191,1
0.3014703691005707,0
0.3181648850440979,0
0.4308526813983917,0
0.08444201201200485,0
1.4424147605895996,1
-0.04086004197597504,0
-0.018852999433875084,0
-0.0012473657261580229,0
0.4432949125766754,0
0.4587574601173401,0
0.8754240870475769,0
1.1377698183059692,0
0.16554760932922363,0
0.41246119141578674,0
1.0724226236343384,0
0.6755972504615784,0
0.5565496683120728,0
0.953374981880188,0
0.5565496683120728,0
1.46482253074646,1
0.1907840222120285,0
-0.025562139227986336,0
-0.04960060119628906,0
0.2869378626346588,0
1.4772683382034302,1
0.3710736632347107,0
-0.00503253098577261,0
-0.09352810680866241,0
-0.09352810680866241,0
0.6420753598213196,0
0.23298446834087372,0
1.3238935470581055,0
0.05116627737879753,0
0.05116627737879753,0
0.19991499185562134,0
0.3893089294433594,0
1.374157428741455,0
0.3893089294433594,0
0.04839983955025673,0
0.03904483839869499,0
0.36799222230911255,0
1.0258868932724,0
1.0258868932724,0
0.2693080008029938,0
1.398042917251587,0
0.3706457018852234,0
0.1309196949005127,0
-0.006066609639674425,0
0.3363991379737854,0
0.5315911769866943,0
0.05082198232412338,0
0.3118109703063965,0
0.7925801873207092,0
1.163459300994873,0
1.4889533519744873,1
-0.05595281347632408,0
0.14847077429294586,0
0.13841715455055237,0
0.11830992251634598,0
0.51822429895401,0
0.8753671646118164,0
0.28012901544570923,0
0.04203376546502113,0
1.1134624481201172,0
1.5669151544570923,1
-0.03420849144458771,0
0.044443193823099136,0
-0.06791635602712631,0
-0.13533209264278412,0
0.8686596751213074,0
0.23107576370239258,0
0.9861093163490295,0
0.7008744478225708,0
0.7679885625839233,0
0.08044958114624023,0
-0.031157562509179115,0
1.5313425064086914,0
-0.20972900092601776,0
0.12509244680404663,0
1.2282153367996216,1
0.4077025055885315,0
0.6256512403488159,0
0.638471782207489,0
0.48462560772895813,0
1.3774402141571045,0
0.038154423236846924,0
0.038154423236846924,0
0.038154423236846924,0
0.5738687515258789,0
0.6175215840339661,0
0.7076116800308228,0
1.1805846691131592,0
0.21211619675159454,0
0.5274314880371094,0
0.756730854511261,0
0.2387128323316574,0
0.5315056443214417,0
0.3062804043292999,0
1.2071813344955444,0
0.44657865166664124,0
0.2600114941596985,0
0.35329508781433105,0
1.360757827758789,0
0.14807118475437164,0
1.3337854146957397,1
0.01318744570016861,0
0.5447489023208618,0
0.3121907413005829,0
0.26650968194007874,0
-0.11941954493522644,0
1.4951637983322144,0
0.34933045506477356,0
-0.06733620911836624,0
-0.11941954493522644,0
0.286754846572876,0
-0.13603924214839935,0
0.06616662442684174,0
-0.1544215977191925,0
1.4999901056289673,0
0.09527233988046646,0
0.21624009311199188,0
0.05494975671172142,0
0.9823691844940186,0
1.1033369302749634,0
1.3544596433639526,0
0.04676734656095505,0
0.2775366008281708,0
0.12369042634963989,0
0.5467673540115356,0
1.6379708051681519,1
-0.15150296688079834,0
-0.15150296688079834,0
-0.20413453876972198,0
-0.17781874537467957,0
0.8200872540473938,0
0.9489532113075256,0
0.691221296787262,0
1.0520460605621338,0
0.691221296787262,0
1.138022541999817,0
0.10286625474691391,0
0.9231787919998169,0
0.02474125474691391,0
0.2981787621974945,0
0.25063344836235046,0
0.5180131196975708,0
1.1597243547439575,0
0.8254997730255127,0
0.4912751615047455,0
-0.0510324127972126,0
1.4001870155334473,0
0.41238221526145935,0
-0.13639827072620392,0
0.3148212432861328,0
0.5784811973571777,0
-0.1215188056230545,0
1.4034812450408936,0
-0.09651880711317062,0
-0.1215188056230545,0
0.2216307818889618,0
0.5073450207710266,0
0.8359164595603943,0
0.37877362966537476,0
1.1644879579544067,0
